6.244;162371;
7.247;22581;
9.246;269491;
19.246;115559;
17.243;417774;
26.240;168084;
42.243;19600;
29.240;35519;
45.239;61995;
48.236;4185;
54.234;243451;
55.233;263180;
56.228;314270;
110.257;156988;
112.257;232463;
70.242;447126;
58.232;350851;
58.228;44651;
65.233;308888;
66.232;39209;
67.233;448962;
70.234;13708;
67.231;349223;
65.228;393085;
69.228;477126;
71.236;260511;
79.235;128341;
72.234;4281;
72.232;213250;
76.232;78007;
71.230;386514;
73.228;116094;
79.233;6055;
80.229;649530;
79.228;34885;
81.230;3151;
82.229;136643;
81.228;431729;
82.228;92025;
87.229;320097;
98.232;1366;
94.228;56524;
99.229;129411;
113.228;2033;
115.246;1320;
129.250;211;
117.239;127429;
114.228;88602;
123.233;89068;
124.233;473155;
123.230;292925;
122.228;586098;
159.245;105167;
161.245;282222;
162.245;428448;
158.244;27931;
160.244;300714;
167.245;181797;
163.243;207718;
173.242;42512;
174.242;1189;
196.249;259443;
198.249;118054;
187.243;341;
185.242;214864;
186.242;86278;
187.242;244042;
188.243;622015;
189.243;916;
190.244;292588;
191.244;72460;
190.243;488341;
191.243;493;
188.242;886;
189.242;230025;
190.242;132559;
193.248;32027;
194.248;41656;
194.247;47872;
192.246;82438;
192.245;153935;
193.246;601320;
195.248;279254;
195.247;2492;
197.248;317948;
195.245;92613;
197.246;264636;
198.245;417769;
192.244;93791;
193.244;81157;
194.244;168313;
194.243;45071;
192.242;195716;
193.242;185343;
195.243;68496;
197.244;844536;
198.243;10790;
195.242;237581;
196.242;687707;
197.242;113737;
198.242;254895;
174.238;212732;
176.238;242215;
173.237;316131;
173.235;299294;
174.237;306633;
175.237;803643;
175.236;70471;
176.237;61521;
177.236;148479;
174.235;6047;
175.235;64145;
177.235;3986;
178.238;308725;
184.241;438656;
184.240;653514;
178.237;183791;
178.236;28462;
179.235;116543;
171.234;15579;
171.233;249816;
172.234;625970;
173.234;115003;
172.233;246308;
173.233;132285;
171.231;107961;
172.232;82343;
173.232;136667;
172.231;204094;
174.234;192852;
175.234;214554;
174.233;37279;
176.234;220231;
177.234;215447;
176.233;34172;
177.233;622845;
174.232;307801;
176.232;594602;
177.232;636673;
176.231;144297;
177.231;293800;
176.230;1448;
177.230;325964;
176.228;28726;
177.228;52345;
178.234;264302;
178.233;361623;
179.234;405140;
180.234;337789;
179.233;19808;
180.233;334992;
178.232;100454;
178.231;35488;
179.232;612;
180.232;715964;
179.231;471;
180.231;121505;
181.232;163064;
181.231;38624;
182.231;213713;
184.232;120953;
183.231;432145;
184.231;93994;
178.230;30166;
178.229;3906;
179.230;127228;
179.229;853516;
180.229;300599;
178.228;101222;
179.228;673635;
180.228;234054;
181.230;116357;
182.230;506083;
181.229;499014;
182.229;102865;
183.230;162011;
184.230;112554;
183.229;219152;
184.229;188760;
181.228;260517;
182.228;115704;
183.228;35287;
184.228;144393;
185.241;49296;
185.240;1091;
186.241;214156;
187.240;125176;
185.239;257700;
185.238;216054;
187.239;446204;
186.238;435944;
187.238;157618;
189.241;270429;
188.240;595854;
189.240;99363;
190.241;247759;
191.241;155810;
190.240;108794;
191.240;30643;
188.239;404820;
189.239;507581;
188.238;262652;
189.238;33964;
190.239;74871;
191.238;22411;
189.237;266943;
188.236;240336;
189.236;564675;
190.237;250694;
191.237;744117;
188.235;515821;
189.235;71098;
190.235;214784;
191.235;34583;
192.240;101893;
194.241;11257;
193.240;230713;
194.240;220368;
192.239;401404;
192.238;134094;
193.239;111965;
194.239;26949;
193.238;237994;
194.238;15782;
195.241;139025;
196.241;154108;
195.240;119033;
196.240;446034;
197.240;10384;
198.240;230513;
195.239;70779;
196.239;56000;
195.238;147457;
196.238;26983;
197.239;302496;
198.239;143875;
192.237;374408;
192.236;86464;
193.237;163755;
194.237;289851;
193.236;31403;
194.236;442066;
192.235;445930;
193.235;86373;
194.235;153741;
196.237;232835;
195.236;83679;
196.236;301940;
198.237;58686;
186.233;211604;
187.233;404489;
185.232;631792;
185.231;111231;
186.232;240677;
187.232;281037;
186.231;164012;
187.231;17660;
188.234;61800;
189.234;170218;
188.233;224170;
189.233;239730;
190.234;46102;
191.234;101103;
190.233;256945;
191.233;296785;
188.232;386553;
189.232;33146;
188.231;20544;
189.231;19743;
190.232;640970;
191.232;47745;
190.231;516799;
191.231;189565;
185.230;139510;
185.229;63032;
186.230;732921;
187.230;27873;
186.229;212132;
187.229;347690;
185.228;405710;
186.228;14356;
187.228;256018;
188.230;497554;
189.230;216621;
188.229;173033;
189.229;181531;
190.230;200597;
191.230;692212;
190.229;669818;
191.229;226551;
188.228;1004949;
189.228;356615;
190.228;104828;
191.228;200058;
192.234;82116;
192.233;389819;
193.234;27708;
193.233;103053;
194.233;221818;
192.232;85966;
192.231;184756;
193.232;111297;
194.232;228033;
193.231;271484;
194.231;117681;
195.234;22240;
196.234;140460;
195.233;49776;
196.233;118855;
197.234;232476;
198.234;291504;
197.233;696502;
198.233;159064;
195.232;124430;
196.232;492878;
195.231;317962;
196.231;346413;
197.232;373775;
198.232;176533;
197.231;35321;
198.231;399396;
192.230;140912;
192.229;345790;
193.230;322545;
194.230;114033;
193.229;587229;
194.229;70034;
192.228;64044;
193.228;16820;
194.228;341990;
195.230;513348;
196.230;93356;
195.229;177526;
196.229;84918;
197.230;534048;
198.230;60533;
197.229;414953;
198.229;166819;
195.228;575226;
196.228;165451;
197.228;25830;
198.228;139070;
199.249;348428;
200.249;220595;
202.250;121034;
203.250;435142;
204.250;92579;
210.250;99424;
212.249;109614;
200.248;378485;
201.247;268411;
199.245;36730;
200.245;287838;
202.248;81608;
203.247;289394;
202.246;751817;
203.245;59809;
204.246;402878;
205.245;258345;
199.244;115676;
199.243;94632;
200.244;276338;
201.244;97483;
200.243;10881;
201.243;784779;
201.242;104033;
202.243;273377;
204.244;243192;
205.243;361054;
207.245;193862;
212.247;291644;
210.246;417168;
212.246;408436;
212.245;174697;
206.243;424232;
208.244;150602;
207.243;67722;
208.242;63467;
209.244;43179;
209.243;13684;
210.243;411633;
211.244;318982;
211.243;64746;
209.242;423002;
210.242;106498;
211.242;98678;
212.242;18977;
213.249;453517;
216.246;165127;
213.243;324126;
214.243;2698;
215.243;383864;
214.242;311868;
215.242;276824;
217.244;363799;
217.243;94962;
216.242;530384;
218.242;41162;
219.242;635446;
223.248;79237;
222.245;228115;
223.245;25123;
220.244;321201;
221.243;316816;
220.242;316827;
222.242;333321;
225.243;149637;
199.240;237766;
201.240;170417;
202.241;33850;
203.241;225419;
202.240;117020;
203.240;571924;
204.241;27563;
205.241;264260;
204.240;177091;
205.240;216064;
203.239;78715;
202.238;167089;
203.238;321565;
204.239;136554;
205.239;586470;
204.238;15253;
205.238;108776;
201.237;252621;
201.236;111592;
201.235;294040;
202.237;517777;
202.236;473517;
203.236;335010;
204.237;71023;
205.237;31964;
204.236;404087;
205.236;213881;
202.235;364779;
203.235;53506;
204.235;45313;
205.235;148327;
206.241;140729;
206.240;528885;
207.241;56192;
207.240;614917;
208.240;91829;
206.239;522635;
206.238;18698;
207.239;442567;
208.239;222892;
207.238;38431;
208.238;303438;
209.240;164190;
210.240;221714;
212.241;380092;
211.240;206431;
212.240;384260;
210.239;352496;
209.238;35291;
210.238;317595;
211.239;152161;
212.239;43640;
211.238;275190;
212.238;67043;
206.237;382464;
206.236;184373;
207.237;138041;
208.237;128885;
207.236;179009;
208.236;713228;
206.235;195864;
207.235;649903;
208.235;254223;
209.237;30899;
210.237;708335;
209.236;56191;
210.236;174106;
211.237;96626;
212.237;143251;
211.236;349761;
212.236;54117;
209.235;348536;
210.235;197307;
211.235;166284;
212.235;158156;
199.234;293254;
199.233;243375;
200.234;547265;
201.234;30153;
200.233;172790;
201.233;37020;
199.232;148921;
199.231;355598;
200.232;97256;
201.232;85843;
200.231;388950;
201.231;503795;
202.234;180266;
203.234;402667;
202.233;274723;
203.233;28039;
204.234;321624;
205.234;429302;
204.233;649428;
205.233;276352;
202.232;150102;
203.232;212708;
202.231;560027;
203.231;6877;
204.232;303010;
205.232;162009;
204.231;106031;
205.231;165939;
199.230;394508;
199.229;234741;
200.230;370169;
201.230;270853;
200.229;78712;
201.229;210627;
199.228;15690;
200.228;8296;
201.228;390065;
202.230;406055;
203.230;270464;
202.229;131078;
203.229;324068;
204.230;160020;
205.230;10120;
204.229;729487;
205.229;190777;
202.228;270671;
203.228;109930;
204.228;749131;
205.228;533660;
206.234;100589;
206.233;433033;
207.234;407663;
208.234;415056;
207.233;68624;
208.233;120661;
206.232;79437;
206.231;104953;
207.232;237104;
208.232;103787;
207.231;480509;
208.231;51763;
209.234;295740;
210.234;464870;
209.233;358193;
210.233;247568;
211.234;54729;
212.234;175255;
211.233;64519;
212.233;158837;
209.232;290733;
210.232;374031;
209.231;122055;
210.231;291828;
211.232;175353;
212.232;56247;
211.231;50182;
212.231;120874;
206.230;110239;
206.229;481161;
207.230;369042;
208.230;309413;
207.229;299634;
208.229;87770;
206.228;123107;
207.228;2906;
208.228;256870;
209.230;23642;
210.230;73410;
209.229;27920;
211.230;215885;
211.229;419393;
212.229;216912;
209.228;68378;
210.228;434827;
211.228;153599;
214.240;204977;
215.240;22981;
213.239;266225;
213.238;160756;
214.239;148183;
215.239;213159;
214.238;432637;
215.238;73068;
216.241;641429;
216.240;220319;
217.240;146002;
218.241;114565;
218.240;236326;
216.239;109052;
217.239;493710;
216.238;575791;
217.238;183566;
218.239;109122;
219.239;103361;
218.238;417117;
213.237;2432;
213.236;141373;
214.237;145512;
215.237;210690;
214.236;8323;
215.236;21619;
213.235;211864;
214.235;534179;
215.235;122855;
216.237;176001;
217.237;233323;
217.236;89770;
218.237;223429;
219.237;374274;
218.236;41308;
219.236;951751;
216.235;136228;
217.235;46755;
218.235;744090;
219.235;242676;
221.241;68562;
221.240;289620;
222.240;304729;
220.239;493965;
220.238;203662;
221.238;49285;
222.239;298200;
222.238;175285;
223.238;45728;
226.241;755291;
227.241;330208;
226.240;501582;
227.240;347707;
224.239;58223;
225.239;47020;
225.238;257454;
226.239;216686;
227.239;10470;
226.238;454509;
227.238;57215;
220.237;565109;
221.237;71055;
220.236;533967;
221.236;4370;
222.237;552316;
222.236;215331;
223.236;446576;
220.235;295552;
221.235;40425;
222.235;88493;
223.235;199171;
224.237;233090;
224.236;127339;
225.236;174328;
226.237;468973;
227.237;21617;
226.236;143005;
224.235;321752;
225.235;137503;
226.235;79317;
227.235;480196;
213.234;129527;
213.233;434669;
214.234;121604;
215.234;724267;
214.233;566759;
215.233;41668;
213.232;171692;
213.231;451181;
214.232;43838;
215.232;245940;
214.231;24715;
215.231;705102;
216.234;14709;
217.234;32811;
216.233;903458;
217.233;383112;
218.234;180096;
219.234;54761;
218.233;24874;
219.233;215429;
216.232;275523;
217.232;120420;
216.231;148493;
217.231;44369;
218.232;560546;
219.232;91672;
218.231;340361;
219.231;48323;
213.229;68298;
214.230;231289;
215.230;554769;
214.229;211078;
215.229;71848;
213.228;142872;
214.228;391142;
215.228;394521;
216.230;209474;
217.230;80225;
216.229;186692;
217.229;163426;
218.230;362499;
219.230;184074;
218.229;51009;
219.229;82081;
216.228;44849;
217.228;255732;
218.228;90004;
219.228;226706;
220.234;683740;
220.233;210360;
221.233;54719;
222.234;9407;
223.234;158537;
222.233;148695;
223.233;668551;
220.232;315495;
221.232;362171;
220.231;609791;
221.231;276016;
222.232;83169;
223.232;44888;
223.231;325294;
224.234;170403;
225.234;82225;
224.233;433307;
225.233;160106;
226.234;222503;
227.233;306990;
224.232;433301;
225.232;195360;
224.231;154291;
225.231;237033;
226.232;34839;
227.232;155393;
226.231;101404;
227.231;60163;
220.230;337034;
221.230;420203;
220.229;466931;
221.229;151862;
222.230;90642;
223.230;70430;
222.229;155369;
220.228;373736;
221.228;397870;
222.228;460241;
223.228;89639;
225.230;23274;
224.229;40871;
225.229;138324;
226.230;381899;
227.230;283263;
227.229;20256;
224.228;1010331;
227.228;496934;
233.247;342021;
232.245;217915;
228.244;173670;
234.243;273512;
232.242;149333;
235.244;277079;
241.244;22366;
243.247;3846;
244.245;342450;
247.246;280778;
244.243;523333;
228.241;203996;
229.240;23846;
228.239;414962;
228.238;250548;
229.239;221652;
230.239;138107;
229.238;371980;
230.238;375902;
232.239;1731;
231.238;15725;
234.239;602574;
233.238;90769;
234.238;104775;
228.237;324662;
228.236;26759;
229.237;48457;
230.237;206956;
229.236;286330;
230.236;122627;
230.235;739597;
232.237;144437;
231.236;6161;
232.236;618936;
233.237;29293;
234.237;586424;
233.236;61770;
234.236;38631;
231.235;113296;
232.235;67226;
233.235;45814;
234.235;670836;
237.241;126034;
237.240;562659;
235.239;226591;
235.238;162546;
236.238;30216;
237.238;5966;
238.238;161310;
240.239;302807;
241.239;213208;
240.238;46988;
235.237;26256;
235.236;503339;
236.237;380230;
237.237;294032;
236.236;287166;
237.236;260332;
235.235;351874;
236.235;91695;
237.235;284111;
238.237;255030;
240.237;306984;
241.237;267250;
240.236;328855;
238.235;202310;
239.235;1232;
240.235;22870;
228.234;72975;
228.233;299028;
229.234;106517;
230.234;140596;
229.233;152163;
230.233;294361;
228.232;563058;
228.231;126091;
230.232;155736;
230.231;63467;
232.234;578848;
231.233;280987;
232.233;473951;
234.234;577190;
233.233;15654;
234.233;67573;
231.232;68285;
232.232;124626;
231.231;167554;
233.232;606213;
234.232;381502;
233.231;222935;
234.231;25264;
228.230;203840;
230.230;322071;
232.230;264613;
234.230;89197;
234.229;9762;
231.228;58455;
232.228;411671;
233.228;436939;
235.234;226798;
235.233;50603;
236.234;169553;
237.234;340340;
236.233;416862;
237.233;234613;
235.231;532225;
237.231;306554;
239.233;332737;
240.234;21281;
241.234;648974;
238.232;372638;
239.231;81609;
240.232;116953;
235.229;103430;
236.230;319130;
237.230;201253;
236.228;220014;
237.228;429146;
238.230;127654;
240.230;173343;
241.230;343417;
241.229;619905;
238.228;18762;
244.240;376088;
242.239;110970;
242.238;720423;
243.238;525430;
245.240;10446;
248.241;188113;
245.238;200564;
242.237;533966;
243.237;266532;
244.237;75484;
243.236;322466;
244.236;4324;
242.235;181373;
243.235;290174;
245.237;288327;
246.237;92867;
245.236;484223;
248.236;56739;
245.235;189447;
247.235;274000;
249.240;363847;
251.237;252421;
250.236;85235;
251.236;48468;
249.235;141030;
251.235;186440;
253.237;176430;
252.236;157886;
254.237;153711;
254.236;347673;
255.236;387945;
252.235;432996;
254.235;795277;
242.234;36400;
243.234;183111;
245.234;169805;
246.234;70141;
245.233;37818;
247.234;200660;
248.234;98679;
245.232;263115;
247.232;272954;
248.232;93528;
247.231;56198;
248.231;412202;
243.229;113086;
242.228;179587;
245.230;117878;
247.228;309922;
249.233;283158;
250.232;177764;
251.231;209830;
252.234;37299;
253.234;110223;
255.234;55656;
254.233;481221;
255.233;9294;
252.232;335345;
253.232;204020;
252.231;115698;
251.230;185753;
253.230;31566;
268.249;363143;
256.238;256299;
261.239;578680;
262.239;327196;
261.238;8682;
256.237;118041;
256.236;144660;
257.235;154520;
260.237;83778;
262.236;415867;
259.235;207863;
262.235;329882;
269.239;10689;
263.236;287235;
264.236;242572;
265.236;248495;
265.235;237659;
266.236;10092;
267.236;290420;
266.235;283724;
267.235;39587;
269.235;42228;
256.234;33410;
257.234;219605;
258.234;326188;
257.233;418185;
258.233;60975;
256.232;302672;
257.232;310837;
258.232;80601;
258.231;619540;
260.234;246816;
259.233;684498;
261.234;186505;
262.234;176265;
259.232;85171;
260.232;46163;
260.231;6168;
262.232;522712;
262.231;3311;
259.230;291912;
260.230;456612;
259.229;526658;
259.228;613391;
261.228;369175;
263.234;150090;
263.233;176530;
264.234;163891;
264.233;271912;
265.232;231425;
265.231;37128;
266.233;114427;
267.233;237386;
269.234;134426;
269.233;550960;
267.232;320956;
266.231;96204;
267.231;300542;
269.232;378031;
264.229;289391;
264.228;285478;
266.230;305946;
267.229;41370;
268.230;509549;
268.228;912303;
270.235;106495;
272.235;76992;
274.236;15792;
275.236;98167;
274.235;415217;
277.236;264208;
278.236;520213;
279.236;5713;
277.235;299428;
281.236;229698;
282.236;28872;
281.235;5396;
270.233;297447;
271.233;46653;
271.231;9576;
273.233;7618;
274.231;560360;
272.230;253030;
277.234;530793;
279.234;63147;
280.234;158300;
279.231;152846;
281.234;196831;
282.234;77478;
287.231;411228;
288.232;314447;
288.231;5104;
285.229;281120;
286.230;84874;
286.228;26765;
290.230;430696;
291.229;75753;
288.228;145585;
290.228;43037;
292.234;179646;
292.233;136319;
296.231;288594;
297.232;31517;
294.230;163570;
294.229;498964;
294.228;146224;
295.228;323704;
303.236;128715;
304.237;440234;
303.235;243604;
300.233;161348;
300.231;433798;
304.232;271886;
306.232;239288;
308.231;41624;
307.230;342235;
308.230;6505;
308.229;604989;
310.229;82336;
311.229;22242;
310.228;544744;
311.228;415254;
312.228;482237;
315.251;138810;
314.249;255889;
314.242;266010;
315.242;266528;
326.243;267778;
328.250;210410;
332.247;226937;
327.243;663834;
335.248;38385;
337.248;234426;
336.247;105805;
337.245;143856;
341.245;27070;
334.243;587374;
315.241;6305;
314.240;248306;
313.239;84175;
319.240;112466;
319.231;33204;
314.229;488394;
313.228;92550;
315.228;235414;
317.230;58002;
316.229;12745;
320.232;115198;
322.229;283413;
322.228;203939;
332.241;65054;
339.238;276383;
335.230;166773;
344.242;28158;
349.248;117652;
355.247;8646;
356.244;193536;
21.202;626393;
22.201;115718;
23.201;10868;
25.199;933451;
26.199;120864;
56.223;98193;
56.220;209751;
23.172;521782;
41.171;39734;
58.227;19927;
58.226;577011;
59.226;503254;
57.224;777927;
58.225;12674;
59.225;20795;
59.224;205750;
61.227;139273;
60.226;202093;
62.227;484831;
63.227;320828;
63.226;358902;
61.225;259868;
57.223;339377;
59.223;33230;
59.222;119321;
58.221;478887;
60.223;93501;
60.220;28158;
61.220;229996;
62.220;140597;
64.227;116690;
64.226;217440;
65.227;415806;
64.225;266146;
64.224;325774;
68.226;286411;
69.225;568006;
70.225;220880;
69.224;188825;
64.223;345825;
65.223;217153;
66.222;543394;
64.220;310072;
67.222;349747;
68.222;426698;
67.221;560643;
68.220;154935;
69.221;13124;
70.221;401105;
69.220;92501;
58.219;378100;
59.219;15217;
59.218;104488;
58.217;206654;
59.217;468143;
59.216;329804;
60.219;121582;
61.219;339319;
60.218;89354;
60.217;253827;
61.216;106778;
61.215;520360;
60.214;274171;
61.214;427691;
63.215;411067;
62.214;15727;
63.214;54219;
63.213;180930;
68.218;17209;
70.219;336160;
69.218;217332;
70.217;57853;
64.213;616329;
68.214;345371;
70.215;102223;
69.214;192241;
68.213;518332;
69.213;480422;
72.225;6334;
73.225;26529;
75.227;344901;
77.226;111600;
77.225;290057;
71.223;444013;
73.223;2041;
73.222;272535;
74.222;51507;
77.223;132740;
77.222;343836;
75.220;486833;
76.221;84070;
77.221;91332;
76.220;441379;
79.227;3198;
83.226;409230;
84.226;728965;
82.225;398657;
81.224;368332;
83.225;317412;
83.224;78155;
79.220;351538;
82.222;555994;
83.223;85436;
84.222;242704;
81.220;66959;
71.218;209582;
72.219;228451;
71.216;221593;
73.217;139737;
74.219;207231;
75.219;17965;
75.216;210206;
76.216;301975;
73.214;11662;
75.215;297127;
74.213;451987;
75.213;358850;
79.218;264357;
78.216;230781;
80.217;188681;
81.218;262007;
82.218;377353;
83.219;173508;
84.219;176345;
81.217;235913;
82.217;244222;
81.216;315180;
84.216;36017;
80.214;179063;
80.213;11098;
81.215;573053;
84.215;199590;
81.213;37143;
84.213;214965;
63.212;413401;
64.212;185218;
64.211;55679;
65.212;184199;
66.212;339313;
65.211;13492;
68.212;163874;
69.212;39904;
70.212;204067;
69.210;189765;
70.210;358026;
69.209;230036;
70.209;78808;
68.207;126965;
69.208;220011;
70.207;178101;
69.204;59333;
70.204;242148;
70.203;623972;
73.212;105195;
72.211;216254;
73.211;734634;
73.210;4124;
74.212;175637;
75.212;448780;
75.209;295487;
77.210;234509;
76.209;106908;
71.208;59781;
71.207;36116;
72.208;510644;
73.208;546370;
72.207;165510;
73.207;121476;
71.206;115559;
72.206;300110;
73.206;67148;
74.208;285362;
75.208;482192;
74.207;361546;
75.207;147402;
76.207;527718;
77.207;79310;
74.206;354497;
75.206;271848;
77.206;21170;
79.212;372298;
81.211;75483;
83.212;134407;
83.211;155922;
84.211;275713;
81.210;323334;
83.210;216167;
84.210;164434;
84.209;186137;
79.208;9030;
80.208;140179;
79.207;69126;
80.207;466921;
80.206;35187;
83.208;374696;
83.207;268634;
81.206;333059;
82.206;113187;
83.206;412287;
72.205;161699;
73.205;747642;
73.204;380580;
74.205;264302;
75.205;155717;
74.204;28273;
76.205;244370;
77.205;74396;
76.204;318151;
77.204;35249;
74.203;452841;
75.202;88419;
76.203;401383;
77.203;269565;
76.202;224300;
77.202;519415;
75.201;31460;
75.200;539914;
76.201;64756;
77.201;70084;
76.200;295116;
77.200;3683;
76.199;41844;
77.199;55863;
78.205;268268;
79.205;344734;
80.205;298917;
80.204;242422;
78.203;202961;
78.202;219970;
79.203;158456;
80.203;160734;
79.202;3125;
80.202;186222;
81.205;309246;
82.205;37027;
81.204;165652;
83.205;6323;
81.203;196923;
82.203;253885;
81.202;600584;
78.201;91702;
78.200;319941;
79.201;15241;
80.201;543298;
79.200;226789;
80.200;10540;
78.199;112669;
80.199;6907;
81.201;1002438;
82.201;325559;
81.200;174443;
82.200;135067;
83.201;554763;
83.200;193778;
81.199;110528;
82.199;103380;
83.199;17781;
84.199;155354;
85.226;78146;
86.227;174961;
87.227;160013;
86.226;84085;
85.224;418094;
86.225;354001;
87.225;207487;
87.224;510719;
88.226;355094;
89.226;323759;
91.226;74187;
88.224;20833;
89.224;175242;
91.225;496166;
85.222;685183;
86.222;114482;
87.222;888425;
87.221;427468;
87.220;146121;
89.222;19953;
90.223;476428;
91.223;120013;
91.222;140356;
89.221;70370;
89.220;432566;
90.221;501312;
91.221;270846;
90.220;378717;
91.220;289579;
92.227;420069;
92.226;266516;
92.224;126465;
93.225;782439;
94.224;107943;
95.224;615641;
92.222;479660;
93.222;8466;
94.222;100031;
92.221;621882;
93.221;8626;
94.221;117202;
93.220;140520;
94.220;584096;
95.223;528566;
96.223;280683;
95.222;162451;
96.222;119783;
97.223;88041;
97.222;650652;
95.221;321405;
96.221;515328;
95.220;191186;
96.220;618406;
97.221;302503;
98.221;19471;
97.220;391645;
98.220;246638;
85.219;66189;
86.219;324080;
86.218;156359;
86.217;295062;
87.217;32040;
86.216;314854;
87.216;714591;
88.219;53554;
89.219;439963;
88.218;32681;
89.218;137032;
90.219;212942;
91.219;280821;
90.218;335393;
88.217;87182;
89.217;325695;
88.216;242367;
89.216;214701;
90.217;217699;
91.217;318776;
90.216;52938;
91.216;107286;
85.215;116771;
86.215;316454;
87.215;89148;
86.214;277250;
87.214;81862;
86.213;334989;
87.213;15314;
88.215;474575;
89.215;47105;
88.214;160832;
89.214;169375;
90.215;340486;
91.215;200816;
90.214;103299;
91.214;76533;
88.213;173495;
89.213;46322;
90.213;279811;
91.213;66117;
92.219;61758;
92.218;141212;
93.219;617870;
94.219;254333;
93.218;234605;
94.218;285607;
92.217;281005;
92.216;54797;
93.217;235706;
94.217;112270;
93.216;398989;
94.216;64487;
95.219;64801;
96.219;327166;
95.218;977960;
96.218;9437;
98.219;531616;
97.218;30636;
98.218;353520;
96.217;179145;
95.216;45473;
96.216;246871;
97.217;51148;
98.217;182179;
97.216;253455;
98.216;311936;
92.214;128171;
94.215;57414;
93.214;17398;
94.214;248810;
92.213;248251;
93.213;84025;
94.213;15921;
95.215;357903;
96.215;61436;
95.214;855313;
96.214;399178;
97.215;49714;
98.215;198542;
97.214;49994;
98.214;133788;
95.213;396394;
96.213;168915;
97.213;227839;
98.213;167741;
99.224;92418;
103.226;280081;
105.225;4229;
105.224;478056;
100.222;2651;
101.222;65854;
99.221;51713;
99.220;743676;
100.221;272456;
101.221;230100;
100.220;10604;
101.220;173807;
102.223;365087;
102.222;265343;
103.222;535547;
104.223;166706;
105.223;284753;
104.222;57137;
105.222;80967;
102.221;605600;
103.221;215718;
102.220;322174;
103.220;382733;
104.221;732239;
105.221;283442;
104.220;599897;
105.220;217324;
106.226;1211;
106.224;38928;
107.224;2120;
108.224;764769;
109.224;289641;
111.225;200599;
110.224;58775;
111.224;49643;
112.224;240024;
113.224;82071;
106.223;167344;
107.223;101765;
106.222;167198;
107.222;86293;
108.223;248467;
109.223;77364;
108.222;19753;
109.222;440533;
106.221;499280;
107.221;379974;
106.220;339378;
107.220;260874;
109.221;139372;
111.223;198980;
110.222;338660;
110.221;20587;
111.221;349828;
99.219;5998;
99.218;379981;
100.219;36890;
101.219;95449;
100.218;231824;
101.218;101365;
99.217;317088;
99.216;360882;
100.217;536612;
101.217;205319;
100.216;388179;
101.216;396272;
102.219;351117;
103.219;236156;
102.218;50175;
103.218;157207;
104.219;180071;
105.219;242809;
104.218;159305;
105.218;351170;
102.217;358739;
103.217;3667;
102.216;530970;
103.216;84395;
104.217;19585;
104.216;190793;
105.216;150492;
99.215;508713;
99.214;95182;
100.215;195474;
101.215;135642;
100.214;95817;
101.214;223763;
99.213;299823;
100.213;340095;
101.213;313880;
102.215;169206;
103.215;523155;
102.214;474087;
103.214;812457;
104.215;576414;
104.214;133062;
102.213;272673;
106.219;262126;
106.218;115244;
85.212;16356;
85.211;216236;
86.212;209672;
87.212;42771;
86.211;112613;
85.210;101072;
86.210;52822;
87.210;623533;
86.209;148056;
88.212;332618;
89.212;645158;
88.211;201848;
89.211;86821;
90.212;119729;
91.212;298612;
90.211;568248;
91.211;11713;
88.210;189931;
89.210;346769;
89.209;680683;
90.210;310774;
91.210;421478;
90.209;313935;
91.209;44896;
92.212;187288;
92.211;556471;
93.212;250469;
94.212;658450;
93.211;18708;
94.211;689080;
92.210;27505;
93.210;445567;
96.212;526552;
95.211;228902;
96.211;210248;
97.211;45327;
98.211;363150;
95.210;305054;
96.210;153583;
97.210;571071;
97.209;30178;
98.209;217608;
98.208;41434;
98.207;1728;
91.201;191320;
90.200;9165;
91.200;97967;
91.199;219189;
96.202;704545;
97.202;597749;
98.202;245627;
92.201;156731;
92.200;247454;
93.201;211380;
93.200;55516;
93.199;251840;
99.212;627738;
99.211;256099;
100.212;175087;
101.212;21945;
99.210;380112;
99.209;428020;
99.208;353734;
100.206;388908;
99.202;225310;
100.202;164788;
101.202;55967;
104.205;9287;
105.204;663995;
101.201;101536;
99.199;184740;
102.201;26858;
103.201;277380;
103.200;80246;
104.200;103163;
105.200;228195;
103.199;176312;
106.204;76324;
106.200;161496;
107.199;386776;
108.199;368627;
109.199;164952;
110.199;363500;
111.199;185976;
77.198;41441;
79.198;343336;
80.198;107226;
79.197;414873;
80.197;12487;
81.198;248444;
82.198;100761;
82.197;255081;
83.198;162774;
84.198;178866;
83.197;240321;
84.197;32973;
81.196;406220;
83.196;13727;
84.196;153345;
84.195;522713;
85.198;17042;
87.198;67347;
86.197;86375;
87.197;98831;
85.196;11017;
87.196;239053;
89.198;54437;
88.197;871806;
90.197;491403;
89.195;292768;
90.196;114992;
91.196;259558;
90.195;265201;
88.194;265698;
89.194;227353;
90.194;389620;
91.194;44177;
91.193;623467;
92.198;195365;
92.196;95803;
92.195;553132;
93.195;443199;
94.195;249061;
95.195;66143;
96.195;226617;
97.195;29959;
92.194;90960;
92.193;315954;
93.194;229981;
94.194;116608;
93.193;215297;
94.193;288874;
93.192;643033;
94.192;130131;
95.194;208274;
96.194;54772;
95.193;128501;
95.192;165280;
97.192;64480;
94.191;277588;
95.191;24035;
96.191;3342;
95.190;85463;
95.189;12354;
96.189;183918;
97.189;140695;
98.189;612643;
97.188;31845;
98.188;127373;
103.198;600186;
104.198;5506;
104.197;71188;
99.192;140450;
106.198;58850;
107.198;284089;
108.198;223965;
109.198;88556;
110.198;349962;
111.198;140347;
112.198;20677;
113.198;182603;
110.192;251372;
111.192;421001;
112.192;201812;
99.188;299462;
101.189;290969;
100.188;431210;
101.188;269422;
105.190;59090;
102.188;228522;
103.188;207509;
105.189;48534;
104.188;80517;
105.188;12038;
99.187;164319;
100.187;346905;
105.186;133370;
105.185;15533;
106.191;180061;
107.191;702487;
106.190;212947;
107.190;71810;
108.191;57608;
109.191;26162;
108.190;295516;
109.190;170411;
106.189;670331;
106.188;520193;
107.188;480884;
108.189;534589;
109.189;301005;
108.188;243910;
109.188;501081;
110.191;307675;
111.191;137617;
110.190;130268;
111.190;309989;
112.191;368116;
112.190;102025;
113.190;112875;
110.189;95197;
111.189;69252;
110.188;148824;
111.188;146849;
112.189;255234;
113.189;326975;
112.188;159631;
113.188;91122;
106.187;263478;
107.187;78517;
106.186;451993;
107.186;360;
108.187;236433;
109.187;237120;
108.186;187607;
109.186;105627;
106.185;88040;
107.185;297508;
108.185;86749;
110.187;66589;
111.187;252652;
110.186;539319;
112.187;152253;
113.187;140249;
113.186;209308;
101.181;224100;
103.183;321065;
104.184;356039;
105.184;883746;
104.183;559632;
105.183;236176;
103.182;25903;
102.181;86788;
103.181;353316;
104.182;400539;
105.182;2232;
104.181;19359;
105.181;122822;
100.180;426118;
100.179;480445;
101.179;366375;
100.178;61127;
101.178;401640;
102.180;248011;
103.180;198;
102.179;472790;
104.180;350618;
102.178;300056;
106.184;8237;
107.184;119980;
106.183;393796;
108.184;131444;
106.182;797881;
108.181;159753;
112.182;651427;
106.179;161212;
101.177;99109;
100.176;405226;
101.176;154085;
100.175;28336;
101.175;193799;
101.174;396557;
102.177;48701;
102.176;332874;
102.175;20474;
102.174;234247;
103.174;85517;
105.175;44343;
101.173;80947;
102.173;43971;
103.172;131182;
104.173;260025;
102.171;160706;
103.171;293219;
105.171;427795;
108.173;392900;
106.171;343394;
107.171;121328;
110.173;55122;
110.172;149355;
110.171;22858;
113.171;121549;
2.166;10546;
8.167;443796;
9.167;314;
5.159;207323;
23.159;17006;
29.164;217601;
31.163;1968;
31.157;38027;
45.157;469953;
4.137;4099;
103.170;124664;
103.169;379527;
104.170;102323;
104.169;587726;
105.169;200251;
103.168;279807;
104.168;173502;
105.168;460777;
104.167;213850;
105.167;260363;
105.166;560885;
106.169;93934;
106.168;311917;
106.167;237561;
107.167;18677;
108.167;34251;
109.167;205992;
106.166;111239;
107.166;324395;
106.165;544952;
107.165;309189;
108.166;310711;
109.166;230138;
108.165;224525;
109.165;148784;
109.164;113246;
111.166;118014;
110.165;409884;
111.165;26277;
112.166;300297;
112.165;215707;
110.164;475206;
111.164;610194;
110.163;265577;
111.163;662240;
112.164;107104;
113.164;119430;
112.163;520106;
113.163;410646;
110.162;135860;
111.161;13818;
112.162;83138;
112.161;45290;
113.161;1356;
111.160;464094;
112.160;400095;
113.160;97298;
113.159;284810;
113.157;493911;
109.152;106787;
110.155;94046;
110.152;345491;
113.153;143202;
109.151;40543;
109.150;71342;
110.150;36095;
112.150;333505;
110.149;161623;
109.148;458673;
109.147;344511;
109.146;206206;
108.145;324004;
109.145;197480;
110.148;16646;
110.147;230475;
112.147;94839;
107.144;406481;
108.144;615346;
108.143;22170;
107.142;220198;
108.142;385209;
109.142;24447;
110.143;377737;
111.142;412899;
112.142;466688;
107.141;221975;
108.141;314186;
109.141;181525;
108.140;348900;
106.139;25919;
107.139;84433;
107.138;84077;
108.138;291990;
110.139;247000;
108.137;293703;
109.137;127385;
113.135;362519;
113.126;25097;
116.225;153;
117.225;282283;
119.225;236115;
128.226;533683;
153.218;75651;
155.217;261279;
155.216;364380;
170.209;232196;
163.208;296975;
164.208;248836;
165.208;248735;
166.208;103172;
168.202;314262;
166.201;275251;
114.198;8961;
114.197;188054;
116.198;151971;
116.197;154071;
117.198;256116;
119.197;514437;
118.196;59758;
119.196;174756;
119.195;422026;
119.194;30491;
120.194;197515;
119.193;38186;
119.192;218095;
121.193;355774;
114.190;307480;
116.190;59693;
114.188;192730;
115.189;171921;
116.189;587496;
115.188;288298;
116.188;214247;
117.191;196396;
117.190;273997;
119.190;112678;
117.189;133638;
117.188;180275;
118.188;35557;
114.187;412321;
114.186;390857;
116.185;715418;
118.187;375763;
119.187;46950;
120.187;229428;
119.185;53988;
122.187;113137;
123.186;484197;
123.185;423961;
124.185;159750;
126.185;7323;
128.185;71660;
114.182;300455;
119.183;321448;
120.179;181034;
121.183;63948;
121.182;40293;
125.184;15007;
126.183;360346;
127.183;154994;
126.179;139347;
114.177;86153;
116.174;501021;
119.177;211015;
115.171;284290;
122.172;659892;
128.184;4168;
128.183;111913;
130.180;418724;
131.180;111810;
133.179;138640;
134.179;327170;
131.175;21301;
132.175;356095;
133.174;14874;
131.172;254804;
133.172;351192;
132.171;181478;
133.171;78348;
135.177;151802;
137.177;76918;
137.175;552292;
138.177;203331;
139.176;334083;
140.177;327148;
141.177;315166;
140.176;10299;
141.176;115217;
138.175;59500;
138.174;171299;
139.174;249564;
140.175;258567;
141.175;144923;
141.174;54176;
135.171;446093;
139.173;260580;
140.173;54003;
141.173;30552;
138.171;412851;
139.171;323748;
155.197;58120;
163.195;198625;
164.195;109502;
165.196;226317;
165.195;6615;
166.195;148683;
167.196;60243;
168.196;454651;
167.195;304473;
168.195;107801;
169.195;168562;
170.195;42711;
163.194;338963;
164.194;28983;
164.193;36327;
165.194;386860;
165.193;11676;
166.193;189904;
164.192;305715;
165.192;100823;
166.192;76267;
168.194;184331;
169.194;427562;
170.194;227904;
169.193;301040;
170.193;389226;
167.192;88458;
168.192;247109;
169.192;620889;
170.192;163486;
164.191;85315;
165.191;130878;
166.191;442417;
166.190;249368;
168.191;75597;
167.190;137239;
169.191;287469;
170.191;85361;
169.190;68154;
167.189;92744;
168.189;413161;
167.188;274491;
168.188;264528;
169.189;302369;
170.189;380045;
169.188;248614;
170.188;271473;
168.187;65429;
169.187;177907;
170.186;400976;
170.185;673732;
142.176;215052;
142.175;151942;
142.174;11402;
143.175;243194;
143.174;293999;
144.174;89337;
145.175;579009;
145.174;346150;
142.173;285742;
143.173;63836;
144.173;132259;
143.172;537087;
144.172;302413;
142.171;182230;
143.171;444910;
145.173;92094;
145.171;223205;
177.227;428578;
171.223;208203;
171.222;485000;
173.223;371416;
172.222;375445;
173.222;80399;
172.221;10907;
173.221;192776;
172.220;260182;
173.220;556719;
174.223;176826;
175.223;269511;
174.222;189206;
175.222;161796;
177.223;80941;
176.222;6213;
177.222;361671;
174.221;177201;
175.221;166164;
174.220;23194;
175.220;122143;
177.221;106944;
176.220;37005;
177.220;441036;
178.227;500557;
179.227;11484;
180.227;297822;
180.226;266733;
179.225;222034;
180.225;166878;
179.224;306080;
180.224;477251;
181.227;21432;
182.227;41061;
181.226;268508;
182.226;174456;
183.227;332989;
184.227;21904;
183.226;407566;
184.226;56061;
181.225;117799;
182.225;247095;
181.224;158437;
182.224;375137;
183.225;83002;
184.225;350124;
183.224;92805;
184.224;163253;
178.223;474209;
178.222;53945;
179.223;465425;
180.223;408172;
179.222;194032;
180.222;153799;
178.221;186554;
178.220;19028;
179.221;259857;
180.221;112800;
179.220;96271;
180.220;195294;
181.223;154244;
182.223;128608;
181.222;93782;
182.222;462517;
183.223;90895;
184.223;285749;
183.222;337180;
181.221;269647;
182.221;346819;
171.219;370943;
171.218;26072;
172.219;124555;
173.219;81805;
172.218;223775;
173.218;258421;
172.217;605566;
175.219;139175;
174.218;365897;
176.219;231667;
177.219;141937;
177.218;353518;
174.217;349923;
174.216;86661;
176.217;432332;
177.217;382361;
176.216;387108;
177.216;22157;
172.213;161147;
174.215;342158;
175.215;252758;
174.214;190627;
175.214;668143;
176.215;90460;
177.215;467745;
176.214;148189;
177.214;334164;
174.213;233777;
175.213;356412;
176.213;183041;
178.219;100652;
178.218;256266;
179.219;361108;
180.219;77735;
179.218;13850;
180.218;268655;
178.217;303416;
179.217;88801;
180.217;11309;
180.216;172427;
182.219;172327;
181.218;69362;
181.216;365487;
182.216;375604;
183.216;345761;
184.216;420129;
178.215;72709;
178.214;358903;
179.215;16392;
180.215;338354;
179.214;167516;
180.214;401452;
181.215;7084;
184.215;57372;
185.227;14880;
185.226;234567;
186.227;103920;
187.227;386423;
186.226;124898;
187.226;52576;
185.225;258633;
185.224;140990;
186.225;515790;
187.225;448837;
186.224;192825;
187.224;177542;
188.227;181196;
189.227;256741;
188.226;220569;
189.226;26681;
190.227;560259;
191.227;96273;
190.226;261319;
191.226;75722;
188.225;23621;
189.225;389257;
188.224;483384;
189.224;544817;
190.225;355018;
191.225;345;
190.224;256085;
191.224;363375;
185.223;32596;
186.223;191302;
187.223;141930;
189.222;154666;
190.223;286190;
191.223;94425;
190.222;155454;
191.222;455790;
189.221;4436;
188.220;395076;
192.227;440762;
192.226;15754;
193.227;395130;
194.227;186433;
193.226;395262;
194.226;196421;
192.225;254747;
192.224;512795;
193.225;462786;
194.225;194985;
194.224;186112;
195.227;224230;
196.227;312899;
195.226;156440;
196.226;47745;
197.227;928198;
198.227;341202;
197.226;198224;
198.226;414631;
195.225;552801;
196.225;166049;
195.224;63620;
196.224;40405;
197.225;489183;
198.225;37965;
197.224;222688;
198.224;331031;
192.223;262721;
192.222;292010;
193.223;422226;
193.222;245088;
194.222;10451;
192.221;501526;
193.221;404000;
194.221;44614;
194.220;216881;
195.223;204014;
196.223;112638;
197.223;509941;
198.223;71158;
197.222;15869;
198.222;274346;
195.220;293055;
196.220;399311;
185.216;222688;
186.216;264511;
189.219;39189;
189.217;50237;
188.216;348164;
189.216;218776;
190.216;239043;
185.215;353812;
187.215;344449;
188.215;315655;
189.214;296655;
190.215;87455;
190.214;164521;
188.213;529616;
190.213;307213;
193.218;40800;
194.218;21624;
192.217;45481;
194.217;19914;
195.219;474117;
196.219;249603;
195.218;195534;
196.218;111424;
198.219;134243;
195.217;12498;
171.212;56635;
171.211;40726;
172.212;282776;
173.212;67339;
172.211;272137;
173.211;270478;
171.210;393312;
171.209;366612;
172.210;109483;
173.210;11107;
172.209;188316;
174.212;209386;
175.212;323282;
174.211;363881;
175.211;96619;
176.212;93724;
176.211;262934;
174.210;255235;
175.210;392789;
175.209;230477;
178.211;198830;
179.212;212546;
180.212;171832;
180.209;188518;
180.207;232259;
181.207;283970;
181.206;340298;
185.211;154166;
190.212;60713;
191.211;275352;
192.212;46133;
194.212;461461;
197.210;168332;
193.206;238109;
185.203;351566;
195.203;577537;
199.227;319539;
199.226;49489;
200.227;249854;
201.227;8250;
200.226;371143;
201.226;354773;
199.225;17694;
199.224;487468;
200.225;421704;
201.225;281628;
200.224;71410;
201.224;559431;
202.227;137468;
203.227;277425;
202.226;10802;
203.226;127500;
204.227;28874;
205.227;342723;
204.226;284847;
205.226;77271;
202.225;466279;
203.225;288255;
202.224;3129;
203.224;129189;
204.225;25899;
205.225;574246;
204.224;118873;
205.224;219207;
199.223;270197;
199.222;156988;
200.223;528528;
201.223;159192;
200.222;524598;
201.222;244358;
199.221;237695;
199.220;129964;
200.221;145460;
201.221;486884;
200.220;124881;
201.220;271611;
202.223;4338;
203.223;95200;
202.222;306013;
203.222;421911;
204.223;2306;
205.223;67390;
204.222;1024932;
205.222;392374;
202.221;160255;
203.221;51656;
202.220;173483;
203.220;250576;
204.221;46398;
205.221;229446;
204.220;303549;
206.227;703181;
206.226;342292;
207.227;31316;
208.227;263358;
207.226;291633;
208.226;812491;
206.225;292193;
206.224;50540;
207.225;337926;
208.225;144099;
207.224;393943;
208.224;404836;
209.227;251685;
210.227;214062;
209.226;469134;
210.226;49587;
212.227;16289;
211.226;193770;
212.226;662594;
209.225;23607;
210.225;206373;
212.225;93428;
206.223;255366;
206.222;257580;
207.223;531217;
208.223;18459;
207.222;373629;
206.221;614376;
206.220;9051;
207.221;572616;
208.221;10027;
207.220;197762;
208.220;302915;
209.221;345888;
210.221;590980;
209.220;188747;
210.220;203480;
211.221;25510;
212.221;263971;
211.220;57769;
212.220;404794;
199.219;152898;
200.219;271206;
201.219;91851;
200.218;442774;
201.218;77926;
200.217;303227;
201.217;165771;
201.216;569304;
202.219;134461;
202.218;309016;
203.218;195393;
204.218;813378;
205.218;199976;
202.217;470079;
203.217;305092;
202.216;170577;
204.217;225268;
203.215;428742;
204.215;1826;
205.215;524733;
206.219;29869;
206.218;313201;
207.219;227292;
208.219;620103;
207.218;188791;
208.218;40171;
207.217;134341;
208.217;516027;
207.216;345331;
208.216;200342;
209.219;342446;
210.219;96419;
209.218;382786;
210.218;301677;
211.219;40878;
212.219;129129;
211.218;115347;
212.218;94232;
209.217;236322;
210.217;206455;
209.216;324236;
210.216;562882;
211.217;253027;
212.217;372073;
211.216;39437;
212.216;369564;
207.215;237167;
212.215;8347;
212.214;101160;
213.227;306116;
213.226;197809;
214.227;3097;
215.227;511361;
214.226;144251;
215.226;86749;
213.225;157010;
213.224;201991;
214.225;430920;
215.225;214095;
214.224;106132;
216.227;282274;
217.227;321021;
218.227;153456;
219.227;495831;
218.226;229468;
219.226;254410;
216.225;328524;
217.225;261203;
217.224;125024;
218.225;343827;
219.225;603586;
218.224;183737;
219.224;55992;
213.221;15225;
213.220;204572;
214.221;539170;
215.221;343599;
214.220;445166;
215.220;261188;
216.221;298135;
216.220;500097;
217.220;39518;
219.221;97838;
218.220;164030;
219.220;134108;
221.227;51824;
220.226;676580;
223.227;462788;
222.226;503936;
223.226;34853;
220.225;475861;
221.225;389578;
220.224;83827;
221.224;261448;
222.225;89043;
222.224;306140;
223.224;378150;
224.226;903160;
226.227;116713;
227.227;210885;
226.226;168637;
227.226;183418;
224.225;220577;
224.224;147695;
225.224;103337;
226.225;253339;
226.224;148245;
220.223;184915;
221.223;329328;
221.222;613280;
222.223;298244;
222.222;179815;
223.222;201694;
220.221;217256;
221.221;157167;
220.220;98103;
221.220;107763;
222.221;107673;
223.221;193154;
222.220;59515;
223.220;206837;
224.223;101794;
225.223;249668;
224.222;172176;
225.222;228084;
226.223;153273;
226.222;113341;
227.222;510161;
224.221;2790;
225.221;115411;
224.220;41845;
225.220;100306;
226.221;126873;
227.221;31559;
226.220;55759;
227.220;352844;
213.219;50967;
213.218;44795;
214.219;84903;
215.219;191927;
214.218;135091;
215.218;369765;
213.217;295821;
213.216;247;
214.217;582765;
215.217;336983;
215.216;92216;
216.219;70235;
217.219;75239;
216.218;479758;
217.218;22453;
218.219;56405;
219.219;387049;
218.218;165434;
219.218;162899;
216.217;618138;
216.216;155814;
217.216;455594;
218.217;583311;
219.217;76257;
218.216;193250;
219.216;158348;
213.215;225671;
214.215;109233;
215.215;1432;
215.214;230440;
215.213;440148;
216.215;499278;
217.215;209958;
216.214;7338;
217.214;568202;
218.215;7008;
219.215;178641;
216.213;199366;
220.219;45706;
221.219;349062;
220.218;176521;
221.218;166246;
222.219;127480;
223.219;403160;
222.218;38883;
223.218;112003;
220.217;15805;
221.217;537670;
220.216;189377;
221.216;115721;
222.217;303905;
223.217;396732;
222.216;52999;
223.216;95457;
224.219;576757;
225.219;436037;
224.218;204659;
225.218;17332;
226.219;12080;
227.219;110163;
226.218;219576;
227.218;156906;
224.217;23036;
225.217;127444;
224.216;4505;
225.216;444028;
226.217;367145;
227.217;288494;
226.216;195874;
227.216;81980;
220.215;183552;
223.215;123755;
222.214;226355;
224.215;183763;
225.215;159481;
224.214;521491;
225.214;185898;
226.215;137195;
227.215;806;
226.214;456877;
227.214;130196;
224.213;187772;
225.213;223266;
226.213;388450;
227.213;418840;
199.211;102329;
209.211;355551;
210.211;134360;
211.211;42319;
209.210;101700;
210.210;15850;
210.209;207594;
211.210;296836;
212.210;61892;
211.209;174392;
212.209;48495;
210.208;57266;
210.207;199400;
211.208;174083;
211.207;136945;
211.206;48044;
212.206;109858;
212.205;114805;
212.204;120549;
212.203;490180;
212.199;136094;
214.212;356793;
215.212;360164;
214.211;8193;
215.211;215656;
214.210;515393;
215.210;50237;
216.212;503986;
218.212;172673;
213.207;727845;
224.212;113535;
225.212;66337;
224.211;327373;
225.211;98862;
227.212;608566;
226.211;28989;
227.211;28985;
226.210;57466;
227.210;289376;
221.207;85181;
224.206;94853;
227.206;49122;
218.205;113377;
218.204;469152;
219.204;175964;
226.204;114447;
227.204;330310;
226.203;437401;
221.200;184023;
171.195;361978;
172.195;413453;
173.195;258034;
177.196;312164;
171.194;265556;
171.193;78217;
172.194;243741;
173.194;12113;
172.193;529095;
173.193;520380;
171.192;76297;
172.192;111367;
173.192;127347;
175.194;289141;
174.193;108507;
175.193;134497;
177.194;319923;
176.193;200543;
177.193;21542;
174.192;150576;
175.192;92300;
176.192;194962;
177.192;49593;
179.197;330510;
180.196;58182;
178.193;424872;
180.194;32232;
179.193;142468;
180.193;282120;
178.192;154160;
179.192;75078;
180.192;33417;
182.194;20423;
181.193;668417;
182.193;166510;
183.194;429120;
183.193;286153;
184.193;333712;
181.192;184541;
182.192;228798;
183.192;338282;
184.192;83633;
171.191;10199;
173.191;117786;
171.189;325813;
171.188;430475;
172.189;108202;
173.189;296963;
172.188;258197;
173.188;151165;
174.191;150774;
174.190;271335;
175.190;13113;
176.191;94622;
177.191;322870;
177.190;565064;
174.189;61906;
175.189;692993;
174.188;481435;
175.188;573525;
176.189;402449;
177.189;67605;
176.188;15034;
177.188;635832;
171.187;59013;
171.186;139193;
172.187;276386;
173.187;180727;
172.186;649676;
171.185;90540;
172.185;36659;
173.185;294631;
174.187;330016;
175.187;263719;
174.186;72620;
175.186;424005;
176.187;330455;
177.187;328078;
176.186;315698;
177.186;206754;
174.185;174421;
175.185;211313;
176.185;255850;
177.185;352062;
178.191;85367;
178.190;193949;
179.191;425799;
180.191;155770;
179.190;113369;
180.190;409900;
178.189;396722;
178.188;132447;
179.189;112733;
180.189;73511;
179.188;31758;
180.188;477625;
182.191;80335;
181.190;486385;
182.190;88791;
183.191;488669;
184.191;317001;
183.190;288171;
184.190;194186;
181.189;352825;
182.189;69158;
181.188;361366;
182.188;72072;
183.189;8112;
184.189;49161;
183.188;327656;
184.188;202263;
178.187;151371;
178.186;114558;
179.187;86986;
180.187;110738;
179.186;181515;
180.186;1969;
178.185;88223;
179.185;111532;
180.185;77116;
181.187;115491;
182.187;225823;
181.186;592206;
182.186;341166;
183.187;70984;
184.187;322255;
183.186;31141;
184.186;35577;
181.185;587616;
185.194;630836;
185.193;53893;
187.194;502788;
186.193;57638;
187.193;389797;
185.192;149434;
186.192;134733;
187.192;72602;
188.194;532799;
190.193;43372;
191.193;225936;
188.192;727357;
189.192;127752;
190.192;187120;
191.192;125827;
194.194;294568;
193.193;25116;
194.193;304229;
194.192;26600;
195.194;11291;
195.193;37612;
197.193;245335;
198.193;47827;
195.192;5123;
196.192;718041;
185.190;170835;
186.191;140967;
187.191;14670;
186.190;179386;
187.190;236251;
185.189;162976;
185.188;68489;
186.189;45509;
187.189;240989;
186.188;117422;
187.188;192772;
188.191;87225;
189.191;280792;
188.190;591237;
190.191;75400;
191.191;129105;
190.190;178969;
191.190;395918;
188.189;279256;
189.189;131962;
188.188;33164;
191.189;200026;
191.188;35513;
185.187;535225;
185.186;58119;
186.187;129546;
187.187;625568;
186.186;563571;
187.186;303081;
185.185;300651;
186.185;291752;
187.185;264680;
188.187;128927;
188.186;45429;
189.186;252335;
190.187;617962;
191.187;171395;
190.186;279627;
191.186;144821;
188.185;48630;
189.185;18513;
190.185;258976;
192.191;644991;
192.190;130205;
193.191;19081;
194.191;6722;
193.190;5199;
194.190;360259;
192.189;53345;
192.188;91382;
193.189;497398;
194.189;321173;
193.188;164193;
195.191;36813;
195.190;140056;
198.191;697811;
197.190;104814;
198.190;222740;
195.189;349117;
196.189;485808;
195.188;142412;
196.188;163881;
197.188;29485;
198.188;373855;
192.187;143520;
193.187;96118;
194.187;363649;
194.186;246386;
192.185;447194;
193.185;489133;
195.187;300859;
196.187;244848;
197.187;212560;
195.185;45306;
196.185;168283;
197.185;22584;
173.184;185801;
178.184;58209;
185.184;228600;
186.184;52117;
187.184;362269;
188.184;241449;
189.184;15799;
188.183;128856;
189.183;124389;
190.184;416758;
191.184;288559;
190.183;24420;
191.183;72022;
189.182;222107;
189.181;227346;
190.182;731855;
191.182;98883;
190.181;271441;
191.181;292388;
189.180;276480;
189.179;413110;
190.180;420399;
191.180;171435;
190.179;373133;
191.179;224333;
190.178;164908;
191.178;82638;
192.184;624251;
192.183;396312;
193.184;330729;
194.184;239461;
193.183;545664;
192.182;259527;
193.182;299897;
193.181;96793;
195.183;626375;
198.184;75847;
196.182;212366;
198.181;130642;
192.180;741792;
194.180;315566;
193.179;118678;
193.178;32147;
194.178;753917;
195.180;379161;
196.180;9710;
195.179;142036;
196.179;172800;
198.180;371003;
197.179;333964;
198.179;232502;
197.178;254014;
190.177;254049;
191.177;218157;
191.176;70168;
192.176;296689;
194.177;147841;
193.176;375329;
194.176;175573;
192.175;233751;
192.174;428729;
193.175;136692;
194.175;409362;
195.177;172311;
196.177;597505;
195.176;267886;
196.176;296960;
197.177;210535;
198.177;483359;
197.176;130246;
198.176;136561;
195.175;151889;
195.174;817704;
196.174;22613;
197.175;217321;
198.175;142767;
197.174;133889;
198.174;456087;
194.173;53299;
193.172;36117;
194.172;87048;
194.171;146708;
195.173;363216;
195.172;64354;
196.172;80111;
197.173;317444;
198.173;183421;
197.172;243063;
198.172;19569;
195.171;355660;
196.171;293567;
197.171;340650;
198.171;450968;
200.194;502553;
201.194;173459;
200.193;518708;
201.193;457666;
199.192;196234;
203.193;331427;
202.192;210234;
205.192;253146;
211.198;400902;
212.195;7050;
208.192;160279;
210.193;169801;
212.194;179529;
211.193;60295;
212.193;83237;
209.192;157180;
210.192;516243;
211.192;209108;
212.192;125087;
199.189;328344;
201.188;47299;
202.191;268049;
201.187;38206;
201.186;252988;
200.185;93600;
202.185;148648;
206.191;278711;
208.191;232340;
207.189;172074;
208.189;150989;
207.188;263011;
208.188;245165;
210.190;95710;
211.191;228148;
211.190;44019;
212.190;62560;
209.188;422809;
210.188;395123;
211.189;210703;
212.189;164096;
212.188;319702;
207.187;376845;
209.187;294817;
210.187;90040;
209.186;691942;
210.186;300936;
211.186;42551;
211.185;440986;
213.196;494382;
213.195;123898;
215.195;343249;
217.198;3441;
218.197;172477;
218.195;619649;
213.194;187056;
214.193;190306;
216.193;279150;
218.194;455753;
219.194;36881;
218.193;144551;
219.193;426157;
217.192;153942;
219.192;509022;
222.196;474675;
223.196;132715;
222.195;416445;
223.195;526176;
224.196;53647;
224.195;418714;
227.195;145733;
221.194;289663;
223.194;68691;
223.193;378769;
223.192;211324;
224.194;300688;
225.194;423394;
224.193;511531;
225.193;185229;
226.194;144790;
227.194;165874;
224.192;425489;
214.189;408092;
215.189;144846;
215.188;154466;
216.191;264815;
217.191;420221;
217.190;174247;
218.191;109358;
219.191;84276;
218.190;331171;
219.190;628133;
216.189;152174;
217.189;317340;
217.188;292776;
218.189;492723;
219.189;236176;
218.188;109755;
219.188;577083;
213.187;140302;
215.187;69645;
215.186;514916;
216.187;70326;
217.187;239041;
216.186;92269;
217.186;411951;
219.187;228935;
218.186;381586;
219.186;677006;
217.185;237911;
218.185;479213;
220.190;141673;
222.191;629609;
223.191;383094;
223.190;529152;
220.189;130617;
221.189;205341;
220.188;525834;
222.189;314235;
223.189;181602;
222.188;477937;
221.186;565448;
222.186;265229;
221.185;91717;
222.185;331282;
223.185;248981;
224.187;67925;
224.186;104034;
227.187;221570;
224.185;96008;
226.185;86864;
227.185;223883;
199.184;250000;
200.184;179781;
199.182;320120;
199.181;253704;
200.182;237849;
201.182;501832;
200.181;204523;
202.184;347098;
203.184;507;
202.183;79760;
204.184;113945;
205.184;207516;
202.182;779987;
202.181;134677;
203.181;150233;
204.182;110265;
205.182;202186;
205.181;447140;
199.180;45895;
199.179;23208;
200.180;283469;
199.178;148279;
201.178;282170;
202.180;139691;
203.180;48453;
202.179;279038;
204.180;523030;
205.180;224501;
205.179;389655;
205.178;660447;
206.184;190293;
206.183;505452;
207.184;260585;
207.183;64425;
206.182;279932;
206.181;289379;
207.182;47588;
207.181;160302;
208.181;23687;
209.183;190831;
210.183;391386;
211.184;524798;
212.184;246211;
209.182;342233;
210.182;433721;
209.181;100211;
210.181;370951;
211.181;171300;
212.181;183314;
206.180;679164;
206.179;725441;
207.180;134356;
208.180;114206;
207.179;297602;
208.179;110341;
206.178;148220;
207.178;133265;
208.178;248755;
209.180;44022;
210.180;145739;
209.179;39148;
210.179;160369;
211.180;322458;
212.180;155062;
211.179;186057;
209.178;211985;
210.178;155936;
212.178;576408;
199.177;262246;
199.176;370820;
200.177;261149;
200.176;431430;
199.175;1177;
199.174;403637;
200.175;917506;
201.175;126364;
200.174;379820;
201.174;354071;
202.177;129414;
203.177;108442;
202.176;22597;
203.176;139650;
204.177;493991;
205.177;352258;
204.176;791124;
205.176;196842;
202.175;478043;
203.175;273398;
202.174;157741;
203.174;253131;
204.175;167949;
204.174;744862;
199.173;294005;
200.173;69715;
201.172;283141;
200.171;266617;
201.171;10776;
202.173;7050;
203.173;518211;
202.172;733089;
203.172;135986;
204.173;168655;
205.173;109027;
204.172;155808;
205.172;127280;
202.171;397753;
203.171;610873;
204.171;256069;
205.171;196986;
206.177;180180;
206.176;324580;
207.177;75720;
208.177;400625;
207.176;268405;
208.176;126192;
206.175;21505;
207.175;184202;
208.175;296981;
208.174;380254;
209.177;442946;
210.177;136811;
209.176;287201;
210.176;275481;
211.177;280544;
212.177;718798;
210.175;46728;
210.174;266558;
206.172;102716;
207.173;507731;
208.172;140793;
207.171;461652;
208.171;211768;
209.173;254987;
209.172;141319;
211.173;184799;
211.172;240264;
211.171;272741;
215.183;20219;
213.182;498960;
213.181;22458;
218.184;127250;
213.180;120947;
213.179;109215;
214.180;164437;
215.180;120498;
213.178;161684;
215.178;212800;
216.180;317180;
217.180;62261;
218.179;465998;
218.178;303903;
219.178;358892;
222.184;465984;
223.184;278476;
222.183;386474;
223.183;33309;
221.182;192120;
225.184;353190;
226.183;111597;
224.182;50989;
225.182;488289;
224.181;325314;
221.180;32868;
222.180;223657;
223.180;74306;
214.175;393780;
215.175;10504;
214.174;209396;
217.177;836478;
219.177;631404;
218.176;94982;
219.176;78205;
216.174;50902;
218.175;286897;
219.175;274102;
219.174;195208;
213.173;233828;
213.172;283056;
215.173;630241;
214.172;7112;
213.171;579326;
218.173;147219;
219.172;48179;
217.171;116503;
219.171;177241;
114.170;274030;
115.170;21095;
115.167;312165;
118.167;331851;
119.167;80883;
120.167;378805;
114.163;274489;
115.163;39677;
116.163;94274;
118.166;70398;
119.166;14208;
120.166;335280;
117.163;13604;
118.163;419153;
119.164;24694;
120.164;165422;
119.163;243631;
123.164;245316;
125.165;57302;
126.164;617743;
114.162;253205;
115.162;92714;
116.162;161460;
115.161;138316;
116.161;99895;
114.160;159414;
114.159;355567;
115.160;18768;
116.160;78476;
115.159;609390;
116.159;137122;
117.162;75052;
117.161;672504;
118.161;108522;
120.162;795166;
117.160;66672;
117.159;374701;
118.159;242256;
119.159;295714;
114.157;465123;
115.158;279080;
116.157;116344;
114.156;77167;
115.156;566066;
117.158;336234;
119.157;179983;
121.162;180797;
123.161;121493;
122.159;150022;
124.162;461065;
124.161;72527;
127.162;297880;
125.160;172067;
127.160;525550;
121.157;261062;
123.158;136742;
122.157;84757;
123.157;1621;
124.158;284242;
125.157;6516;
126.157;342916;
126.156;180981;
127.156;246563;
132.170;423092;
133.169;366658;
134.169;127218;
130.163;956840;
132.165;95360;
133.165;249347;
137.169;72445;
138.170;275610;
138.169;221790;
140.170;231617;
140.169;513697;
141.169;77490;
139.168;52881;
140.168;164587;
140.167;768157;
141.167;107400;
135.165;123328;
136.164;205286;
139.166;308261;
138.165;9540;
141.166;14791;
140.165;171306;
138.164;611278;
139.164;662002;
141.164;345170;
140.163;114559;
128.162;393165;
128.159;73671;
131.161;451071;
131.160;508585;
131.159;6016;
132.159;194122;
133.159;99213;
134.159;237601;
128.157;191137;
129.157;46341;
130.157;301688;
130.156;253381;
131.157;455907;
133.158;138907;
133.157;87257;
134.157;511739;
132.156;253207;
133.156;156787;
137.162;181950;
136.161;28973;
137.161;234691;
135.160;33356;
137.160;226313;
137.159;251968;
139.162;45980;
138.161;833093;
140.162;168495;
140.161;48320;
139.160;317980;
138.159;9304;
139.159;1699;
135.158;479664;
135.157;189005;
137.158;68644;
114.154;234364;
116.154;390611;
115.153;142268;
116.153;61492;
115.152;122180;
118.155;95873;
117.153;64513;
117.152;546945;
119.153;198586;
114.151;281663;
115.149;79469;
118.151;312433;
119.150;7388;
121.154;179627;
123.155;285974;
123.154;10935;
122.153;456795;
123.152;438181;
124.155;438789;
124.154;1525;
126.155;317623;
127.154;190883;
126.152;455244;
122.150;129435;
123.150;177222;
122.149;23726;
123.149;196209;
125.151;82447;
125.149;208993;
116.147;295699;
114.146;478271;
114.145;142622;
117.148;212202;
119.148;227565;
120.147;280024;
118.145;193317;
120.146;586771;
119.145;383200;
120.145;818491;
120.143;112528;
117.142;45914;
118.142;39893;
123.148;403995;
123.147;508213;
121.145;82348;
122.146;23777;
127.147;539661;
122.142;332528;
128.155;15841;
129.154;170865;
128.153;205938;
129.153;23516;
130.153;74316;
129.152;347707;
130.152;673114;
131.155;79993;
132.155;79715;
131.154;52257;
132.153;31505;
132.152;221622;
129.151;139499;
142.169;24869;
144.170;14501;
143.169;34007;
142.168;510501;
142.167;387174;
117.140;453798;
121.129;449146;
194.170;61455;
194.169;334873;
194.168;496732;
195.170;552873;
195.169;249491;
197.170;348088;
197.169;46728;
198.169;283422;
195.168;137664;
196.168;436101;
195.167;180326;
197.167;215664;
194.166;424171;
194.165;153277;
194.164;37578;
194.163;513101;
198.165;629829;
195.163;165808;
197.163;103483;
198.163;90182;
193.162;204440;
196.162;175084;
198.162;156042;
195.160;55623;
195.159;6900;
197.160;611745;
194.158;522886;
197.158;298903;
196.153;504746;
196.152;260013;
198.152;127164;
198.150;292103;
198.147;230384;
198.146;374838;
200.170;758315;
199.168;105579;
202.170;498036;
203.170;159813;
203.169;420346;
204.170;799958;
202.168;749200;
203.168;250254;
202.167;78015;
203.167;431940;
201.165;295590;
199.163;342138;
203.166;139936;
202.165;77680;
203.165;62300;
204.166;266504;
204.165;254792;
205.165;631660;
202.164;139962;
203.164;236325;
204.164;324670;
205.164;226042;
204.163;279792;
205.163;243578;
206.170;119713;
208.170;178908;
207.169;179;
208.168;281464;
208.167;494681;
209.170;187533;
211.170;31419;
212.170;47636;
211.169;245175;
210.168;415371;
210.167;261555;
212.168;145308;
211.167;274089;
212.167;901460;
207.166;13373;
208.166;48677;
207.165;298578;
206.164;61821;
207.164;12538;
208.164;373540;
209.165;539024;
211.166;195132;
212.166;42450;
211.165;151776;
211.164;89651;
211.163;92495;
199.162;379068;
202.160;106890;
204.160;38871;
200.157;351578;
207.161;385857;
208.160;229938;
207.159;89979;
207.158;11288;
207.157;239778;
208.157;287031;
208.156;685945;
210.158;789639;
209.157;279380;
210.157;333464;
211.158;284429;
212.158;306961;
211.157;36810;
212.157;157781;
209.156;164973;
211.156;425019;
212.156;400741;
213.170;460875;
213.169;72495;
215.170;159890;
214.169;228653;
213.168;551089;
213.167;203566;
214.168;293367;
214.167;186602;
215.167;360222;
216.170;377255;
218.170;264757;
219.170;85962;
219.169;446507;
217.168;3210;
218.167;81497;
219.167;95600;
213.166;569109;
213.165;262459;
214.166;95549;
214.165;184389;
215.165;618541;
213.164;321796;
213.163;505785;
215.164;681371;
215.163;351719;
217.166;666333;
216.165;23336;
217.165;43681;
218.166;592384;
219.166;157865;
218.165;230328;
219.165;548503;
216.164;209144;
217.164;79957;
217.163;10974;
218.164;315107;
219.164;293844;
220.169;153523;
223.169;294408;
220.168;176301;
220.167;153220;
223.168;185115;
224.168;24041;
225.168;424275;
227.167;32474;
220.166;432209;
220.165;120271;
227.166;434466;
227.165;295275;
225.164;308150;
224.163;71307;
225.163;313956;
227.164;275301;
213.162;12227;
213.161;233525;
214.162;35205;
215.161;66995;
213.160;108343;
213.159;364921;
214.160;49077;
214.159;593745;
215.159;795840;
216.162;298805;
214.158;163842;
215.158;49511;
214.157;386796;
215.157;180112;
213.156;215378;
214.156;550164;
215.156;376894;
223.159;97308;
224.162;442924;
225.162;183254;
224.161;475448;
226.162;504169;
227.162;69131;
226.161;927608;
224.160;261088;
225.160;226627;
224.159;297106;
225.159;188251;
226.160;86928;
227.160;247856;
226.159;154403;
227.159;284786;
223.158;378140;
223.157;252089;
224.158;41456;
224.157;157076;
225.157;263401;
226.158;248156;
227.158;313357;
226.157;803159;
227.157;129663;
224.156;19670;
225.156;311164;
226.156;331218;
227.156;113831;
199.152;445749;
203.154;2207;
204.155;110968;
205.155;488696;
203.153;85530;
204.153;403199;
205.149;77485;
206.155;107338;
206.154;23736;
207.155;227547;
207.154;96940;
208.154;474845;
207.153;22847;
208.152;150075;
209.155;30379;
210.155;107895;
209.154;20452;
211.155;152174;
212.155;441242;
211.154;133810;
212.154;150744;
209.153;136313;
210.152;425336;
211.153;211116;
212.152;52507;
206.151;111289;
206.150;282664;
207.151;60408;
207.150;357039;
208.150;53134;
206.149;328760;
208.149;48996;
209.151;610220;
210.151;441101;
209.150;323913;
210.150;548494;
211.151;496202;
209.149;159424;
199.147;388506;
200.147;13150;
201.147;221986;
202.147;72484;
205.147;127422;
206.148;551179;
206.147;176996;
213.155;421338;
225.155;496139;
226.155;281085;
228.226;615771;
230.224;280673;
228.222;54665;
228.221;537045;
228.220;4360;
229.220;180651;
232.223;297567;
239.225;431886;
241.225;414894;
240.222;213888;
240.221;370875;
228.219;362056;
228.218;67781;
229.219;209154;
228.217;81175;
228.216;224650;
229.217;319250;
230.217;563682;
229.216;300184;
230.216;183147;
232.219;516028;
231.216;66875;
232.216;32797;
234.217;252787;
233.216;176209;
234.216;255174;
228.215;197168;
228.214;184306;
229.215;48575;
230.215;131800;
229.214;230967;
230.214;162711;
228.213;199236;
229.213;139227;
230.213;48223;
231.215;161348;
232.215;56655;
233.215;12585;
231.213;220810;
232.213;27834;
236.218;70788;
235.217;142901;
235.216;3770;
236.217;83202;
237.217;383719;
237.216;361564;
238.217;661380;
238.216;193622;
239.216;165466;
241.217;291944;
240.216;73962;
241.216;305156;
237.215;507894;
236.214;359743;
236.213;18776;
237.213;591495;
238.215;166506;
239.215;334679;
238.214;237617;
240.215;70279;
241.215;61000;
240.214;537787;
241.214;166937;
238.213;137485;
239.213;34654;
240.213;187631;
241.213;126125;
243.225;191183;
244.224;337655;
247.227;43669;
245.224;319233;
244.220;148861;
247.223;508410;
248.223;774151;
245.220;16908;
246.220;851527;
248.221;306947;
247.220;244727;
248.220;98555;
254.225;452051;
249.223;218281;
249.222;235992;
250.223;224969;
249.221;108274;
249.220;146258;
250.221;168886;
251.220;385633;
252.222;78651;
255.222;518530;
252.221;108931;
252.220;363325;
243.219;7769;
244.219;279112;
245.219;646456;
246.219;348868;
245.218;386400;
246.218;486872;
247.219;439345;
248.219;356166;
247.218;547682;
248.218;45690;
245.217;171022;
245.216;493910;
246.216;63268;
247.217;6357;
248.217;189490;
247.216;200402;
248.216;31342;
242.214;72865;
243.215;175872;
244.215;140053;
243.214;557116;
244.214;156368;
242.213;528103;
243.213;147999;
244.213;45165;
245.215;169385;
246.215;442893;
245.214;60396;
246.214;237884;
247.215;24242;
248.215;92246;
247.214;88528;
248.214;214002;
245.213;217882;
246.213;144631;
247.213;87280;
248.213;2386;
249.219;226382;
249.218;113411;
250.218;454513;
251.218;518871;
249.217;593883;
249.216;216928;
250.217;117525;
251.217;357732;
250.216;118383;
251.216;224387;
254.218;212343;
255.218;647510;
252.217;335902;
253.217;203371;
252.216;10615;
253.216;224243;
254.217;96236;
254.216;29960;
255.216;288805;
249.215;8015;
249.214;150471;
250.215;350553;
251.215;64276;
250.214;213576;
251.214;33749;
249.213;337074;
250.213;382887;
251.213;221622;
252.215;5384;
252.214;262742;
253.214;125604;
255.215;172406;
254.214;332629;
252.213;146105;
253.213;178401;
254.213;65583;
255.213;278802;
228.212;114585;
228.211;174353;
229.212;179470;
230.212;2501;
229.211;1484;
230.211;92297;
228.210;243322;
229.210;257219;
230.210;9014;
230.209;696774;
231.212;480977;
232.212;201901;
231.211;54339;
232.211;26944;
233.212;626547;
234.212;394920;
233.211;10269;
234.211;105659;
231.210;383337;
231.209;102631;
232.209;488340;
233.210;218671;
234.210;115644;
233.209;163221;
234.209;399365;
228.208;60635;
230.206;362376;
231.208;569238;
232.208;344337;
232.207;112996;
233.208;252383;
234.208;214085;
233.207;48612;
234.207;165813;
233.206;262896;
235.212;400029;
235.211;168834;
236.211;287427;
235.210;279905;
235.209;244864;
236.210;274751;
237.210;135541;
236.209;287047;
237.209;160976;
238.212;10737;
239.212;217985;
240.212;285066;
241.212;451365;
241.211;63310;
238.209;675771;
240.210;331669;
241.210;50543;
241.209;110382;
235.208;263253;
235.207;246529;
236.208;828288;
237.208;312264;
236.207;147556;
237.207;157243;
237.206;120653;
238.208;507773;
239.208;140779;
238.207;182120;
240.208;43707;
241.208;247744;
240.207;485644;
241.207;67851;
238.206;55410;
239.206;378899;
240.206;52326;
241.206;133444;
231.205;167001;
235.205;155219;
235.204;144850;
236.205;507660;
236.204;296526;
236.203;677408;
237.203;325226;
237.202;370369;
238.205;454713;
239.205;565910;
240.205;315320;
241.205;372702;
238.203;211279;
238.201;139575;
242.212;236667;
242.211;81653;
243.212;85369;
244.212;160214;
244.211;48370;
243.210;743059;
244.210;265420;
245.212;41898;
246.212;27463;
245.211;1205;
246.211;210410;
247.212;358504;
248.212;137470;
247.211;132459;
248.211;454742;
246.210;92301;
245.209;206257;
246.209;66633;
247.210;216705;
248.210;198220;
247.209;308920;
248.209;185276;
242.207;10490;
242.206;443020;
243.206;361516;
245.208;136207;
246.208;59912;
246.207;333150;
247.208;68161;
248.208;184921;
247.207;51105;
248.207;472829;
247.206;285617;
248.206;444933;
249.212;3580;
249.211;135454;
250.212;257337;
251.212;68202;
250.211;20134;
251.211;28750;
249.209;331220;
250.210;70908;
251.210;111133;
250.209;23295;
251.209;405491;
252.212;284505;
253.212;474232;
252.211;302046;
253.211;12964;
254.212;57461;
255.212;260832;
254.211;2478;
255.211;134428;
252.210;613876;
253.210;231200;
252.209;162739;
253.209;45341;
254.210;115122;
255.210;93583;
255.209;94370;
249.208;241616;
249.207;231515;
250.208;46501;
251.207;162901;
249.206;58482;
253.208;209757;
252.207;279699;
253.207;97835;
254.208;42325;
255.208;254515;
254.207;409536;
253.206;263772;
254.206;246023;
255.206;234771;
242.205;58215;
245.205;423305;
246.205;246187;
247.205;606434;
248.205;61913;
247.204;496794;
248.204;141205;
249.205;657848;
249.204;16943;
250.204;264290;
249.203;591701;
249.202;554503;
251.203;2138;
250.202;248683;
252.205;752067;
253.205;958429;
252.204;85538;
254.205;365051;
255.205;21299;
254.204;291481;
252.203;141780;
253.203;44912;
252.202;22636;
253.202;350954;
255.202;169414;
251.201;14413;
251.200;38670;
252.201;317550;
252.200;6955;
254.200;270698;
255.200;434261;
252.199;58420;
255.199;49909;
257.225;405968;
258.224;182144;
261.227;256569;
261.225;257313;
256.222;384166;
257.223;177691;
258.222;336837;
257.220;278077;
259.223;153702;
262.221;176792;
263.227;198234;
264.227;785470;
265.226;82642;
265.225;101475;
269.224;113454;
264.221;444644;
267.223;125439;
266.222;472587;
268.223;233474;
266.221;53831;
256.219;223454;
256.214;741938;
256.213;319739;
258.213;129785;
264.213;368430;
270.226;93278;
275.227;7277;
276.227;192620;
276.226;281120;
273.223;309021;
273.222;98949;
278.226;46817;
280.226;99142;
278.225;342999;
283.227;400139;
282.225;378647;
284.225;2557;
283.223;108811;
284.220;611812;
271.217;287174;
272.217;420103;
273.216;464334;
280.218;618316;
281.217;602366;
282.217;170286;
281.216;98818;
282.216;191793;
284.217;573891;
283.216;200106;
278.215;101880;
280.215;23167;
277.213;304357;
280.213;402581;
282.215;763679;
282.214;683028;
283.215;17799;
284.215;198870;
283.214;242830;
284.214;76846;
284.213;120764;
256.211;25340;
258.212;212723;
257.211;137349;
258.211;465340;
256.210;259698;
256.209;187723;
257.210;447016;
257.209;228663;
258.209;394858;
259.211;312459;
262.211;197388;
260.209;181341;
261.210;19927;
256.208;419254;
257.207;87169;
256.206;139695;
257.206;144634;
258.206;51943;
259.208;227643;
259.207;439640;
259.206;551611;
260.206;22789;
263.211;171940;
265.211;99923;
265.210;62326;
266.212;384319;
269.211;379631;
267.210;331868;
268.209;71955;
269.209;489694;
263.207;427637;
264.208;82299;
265.207;544680;
263.206;519755;
266.208;330666;
266.207;57295;
268.208;215846;
269.208;18136;
269.207;55917;
266.206;262341;
269.206;417749;
257.205;116757;
257.204;35487;
258.204;847;
257.203;140059;
259.205;213488;
260.205;100408;
259.204;234465;
260.204;210434;
262.205;7665;
261.204;25540;
259.202;143932;
261.203;64551;
261.202;27701;
256.200;299351;
258.201;43229;
258.200;132501;
258.199;78627;
261.199;260105;
262.199;482139;
264.205;3424;
264.204;80768;
263.203;430554;
265.202;249705;
268.205;153270;
269.205;229217;
268.204;44744;
269.204;524039;
267.203;274233;
266.202;187603;
267.202;93139;
268.203;44449;
269.203;232078;
268.202;342344;
269.202;152527;
263.200;127713;
264.199;74515;
265.199;17501;
266.200;562037;
271.212;496616;
272.212;210007;
271.209;156765;
272.209;163651;
273.211;448383;
274.211;57357;
275.211;206786;
276.211;93783;
273.209;110767;
275.210;91625;
276.210;47783;
270.208;574093;
270.207;250601;
271.208;238538;
271.207;58666;
273.207;160266;
274.207;320366;
275.208;25584;
275.207;342958;
275.206;274870;
276.206;241309;
277.212;79801;
277.211;176327;
279.212;391128;
280.212;282116;
280.211;15063;
277.210;223416;
278.209;307509;
280.210;453695;
281.212;86585;
281.211;170338;
284.212;796793;
283.211;124210;
284.211;267949;
281.210;121090;
281.209;128719;
282.209;94759;
283.210;333267;
284.210;260326;
283.209;20392;
284.209;178294;
278.208;596440;
278.207;276472;
279.208;189831;
277.206;237459;
278.206;492461;
281.208;195941;
282.208;173511;
281.207;73478;
282.207;123133;
283.208;33402;
284.208;170768;
281.206;292281;
282.206;324362;
284.206;18133;
270.205;32696;
270.204;679393;
271.205;427830;
272.205;198956;
271.204;30511;
272.204;126776;
270.203;576738;
270.202;225904;
271.203;149754;
272.203;127236;
271.202;105398;
272.202;133731;
273.205;140661;
273.204;389585;
274.204;729079;
276.205;138492;
275.204;106463;
276.204;68122;
273.203;67656;
274.203;31531;
273.202;208897;
274.202;498599;
275.203;398285;
276.203;18359;
275.202;97089;
276.202;111254;
271.201;43795;
272.201;357170;
272.200;130970;
273.201;122772;
273.200;122737;
274.200;461931;
275.201;127083;
276.201;241127;
275.200;10886;
276.200;144929;
273.199;72686;
274.199;55291;
275.199;248455;
276.199;740716;
277.204;50599;
278.204;239660;
280.205;432228;
279.204;400549;
277.203;540037;
278.203;319709;
277.202;142644;
278.202;642834;
279.203;11641;
279.202;319911;
280.202;12936;
281.204;337381;
282.204;158503;
283.204;158268;
284.204;133246;
281.202;92315;
282.202;277187;
283.203;5390;
283.202;385217;
284.202;299243;
277.201;43233;
278.201;200943;
277.200;140692;
278.200;227439;
279.201;179920;
280.201;41062;
279.200;19804;
280.200;279099;
277.199;731126;
278.199;50706;
279.199;301847;
280.199;112207;
281.201;204317;
282.201;714191;
281.200;308563;
282.200;394839;
283.201;80156;
284.201;108654;
283.200;278273;
284.200;397517;
281.199;289271;
282.199;81493;
283.199;87099;
284.199;372900;
228.196;294332;
228.195;141787;
229.195;158706;
234.197;96126;
231.196;325010;
234.196;102815;
230.194;733361;
233.192;176396;
229.191;74287;
230.188;476699;
253.198;476750;
253.197;51441;
254.197;221210;
253.195;117304;
254.196;87549;
254.195;187391;
255.195;26120;
255.194;32150;
253.181;683;
256.198;553541;
257.197;304058;
258.197;49478;
257.196;100949;
257.195;110189;
260.198;209809;
259.197;134783;
261.198;432697;
262.198;145163;
259.195;69065;
262.196;61596;
256.193;128542;
257.193;26838;
258.193;363127;
259.193;265440;
260.193;29679;
260.192;29771;
263.197;382606;
256.190;75091;
257.191;119618;
258.191;115017;
256.189;129155;
258.189;342045;
260.189;47207;
259.188;210980;
260.188;444104;
261.188;98601;
259.187;213038;
260.187;121669;
259.186;137871;
260.186;448902;
261.187;196616;
261.186;167524;
260.185;51265;
273.198;28314;
276.198;821537;
275.197;400781;
276.197;93640;
274.196;32120;
274.195;310155;
275.196;90080;
276.196;378652;
275.195;4322;
277.198;172518;
278.198;262148;
277.197;203927;
278.197;730691;
279.198;3823;
280.198;300136;
279.197;79703;
280.197;176067;
277.196;99244;
278.196;202222;
279.196;271051;
280.196;46125;
279.195;425283;
280.195;128832;
281.198;312668;
282.198;685832;
281.197;68466;
282.197;83890;
283.198;175242;
284.198;43704;
283.197;65686;
284.197;50034;
281.196;26191;
282.196;57296;
281.195;376624;
282.195;259916;
283.196;200023;
284.196;606151;
283.195;61467;
284.195;649462;
278.194;218510;
279.194;456014;
280.194;374106;
279.193;206181;
280.193;563637;
278.192;234876;
279.192;406709;
280.192;278570;
281.194;94156;
282.194;687603;
281.193;144133;
282.193;23973;
283.194;175497;
284.194;44424;
283.193;23098;
281.192;144642;
282.192;256778;
283.192;182807;
284.192;411070;
273.187;24781;
275.185;263472;
276.185;147415;
278.190;190658;
279.191;403413;
279.190;327960;
278.189;393753;
278.188;292937;
279.188;104599;
280.188;444925;
283.191;312557;
284.191;75905;
283.190;124508;
284.190;425430;
279.187;1049993;
280.187;179447;
279.186;311237;
280.186;89565;
277.185;174125;
280.185;291628;
281.186;217497;
282.186;89189;
281.185;605936;
282.185;105016;
283.185;200906;
275.184;125081;
276.184;479802;
276.183;88064;
276.182;125782;
277.184;301053;
278.184;710947;
277.183;113489;
278.183;116094;
280.184;203283;
279.183;42605;
280.183;122562;
277.182;26074;
278.182;40337;
277.181;58492;
278.181;638878;
279.182;411765;
280.182;236957;
279.181;312919;
281.184;623661;
282.184;15447;
281.183;537579;
282.183;363557;
283.184;21535;
283.183;404253;
281.182;221909;
282.182;112551;
282.181;247181;
283.182;244589;
283.181;361237;
284.181;79005;
277.180;247045;
279.180;191793;
280.180;156424;
280.179;19094;
279.178;430199;
281.180;271709;
283.180;394664;
284.180;339422;
283.179;78074;
281.178;219228;
282.178;21973;
283.177;191004;
284.177;105243;
283.176;196302;
284.176;48784;
283.175;472725;
284.175;25217;
287.227;251356;
286.226;193648;
285.225;356807;
289.227;344653;
288.226;156075;
290.227;389668;
290.224;241468;
289.223;5808;
289.221;154927;
289.220;517794;
291.221;797343;
290.220;102524;
291.220;63974;
292.227;166479;
292.226;173542;
293.227;600799;
293.226;308730;
293.225;125523;
295.225;410682;
296.225;189908;
292.220;531684;
294.221;141379;
293.220;284213;
294.220;229004;
296.222;351260;
297.223;283287;
297.222;530694;
298.222;172784;
295.220;191491;
296.220;301885;
297.221;11170;
297.220;180330;
298.220;357211;
286.219;23274;
287.219;206100;
286.218;189403;
285.217;162029;
285.216;97665;
286.217;260515;
287.217;114691;
286.216;356691;
287.216;590964;
289.219;299491;
289.218;296497;
290.219;457578;
291.219;580482;
290.218;89474;
291.218;44857;
288.217;118244;
288.216;356652;
289.216;407399;
290.217;111164;
291.217;121073;
290.216;14148;
291.216;64522;
285.215;251275;
286.215;84537;
287.215;175147;
286.214;443753;
287.214;336049;
285.213;31367;
286.213;469131;
287.213;151057;
288.215;156040;
289.215;482256;
288.214;698881;
289.214;329745;
290.215;253398;
291.215;85154;
290.214;10882;
291.214;466426;
288.213;43248;
289.213;33597;
291.213;32804;
292.219;459958;
292.218;161044;
293.219;497934;
294.219;29166;
293.218;15433;
294.218;260679;
292.217;234196;
292.216;601;
293.217;229670;
293.216;340880;
294.216;35076;
295.219;738353;
296.219;422901;
295.218;178328;
296.218;51170;
297.219;77854;
298.219;5250;
297.218;322989;
295.217;322945;
296.217;241496;
295.216;268395;
296.216;111148;
297.217;5818;
298.217;403473;
297.216;123500;
298.216;153158;
292.215;542973;
292.214;262458;
293.215;240627;
294.215;391851;
293.214;29668;
294.214;271025;
292.213;10358;
293.213;60391;
295.215;784;
296.215;42736;
295.214;220029;
296.214;441244;
297.214;587167;
298.214;479381;
295.213;90160;
296.213;503697;
297.213;240296;
298.213;181140;
304.227;32776;
305.224;22440;
299.222;286335;
299.221;206615;
299.220;261036;
300.221;334330;
301.221;41705;
300.220;497294;
302.223;202744;
303.223;320283;
302.222;181515;
303.222;297521;
304.223;65268;
305.223;145085;
304.222;342535;
305.222;47790;
302.221;313199;
303.221;69781;
302.220;171179;
303.220;234077;
304.221;365674;
305.221;741140;
304.220;70867;
305.220;462317;
306.226;284703;
307.226;342227;
308.226;479381;
306.225;3229883;
306.224;353959;
307.225;5752;
308.224;536248;
310.226;66087;
312.227;6827;
310.225;475362;
311.224;107940;
312.224;52264;
306.223;361777;
307.222;345929;
308.222;241514;
306.221;211626;
306.220;241808;
307.221;334453;
308.221;391483;
307.220;161566;
308.220;91575;
309.223;615111;
310.223;22871;
309.222;152749;
310.222;262150;
311.223;405482;
312.223;203692;
309.221;225770;
309.220;370637;
301.219;542000;
301.218;397872;
299.217;7468;
300.217;460406;
301.217;155247;
300.216;257391;
302.219;217712;
303.219;137372;
304.219;42603;
305.219;121619;
305.218;502305;
302.217;35075;
305.217;117310;
299.215;232806;
299.214;168239;
300.215;182551;
300.214;463361;
299.213;23151;
300.213;271907;
305.214;243960;
306.219;423251;
306.218;312080;
307.219;105949;
307.218;172043;
308.218;182294;
306.217;30185;
306.216;31705;
307.217;57156;
308.217;28033;
307.216;87872;
308.216;45039;
309.217;28526;
309.216;170725;
306.215;37530;
306.214;292088;
307.215;339204;
308.215;259703;
307.214;22984;
308.214;275997;
306.213;69201;
309.215;409916;
309.214;17110;
311.214;4454;
312.214;146735;
309.213;86304;
310.213;606980;
311.213;73720;
312.213;195574;
285.212;469411;
285.211;113180;
286.212;175974;
287.212;244093;
286.211;92305;
287.211;374986;
285.210;244577;
285.209;149109;
286.210;208437;
287.210;426531;
286.209;333486;
287.209;135323;
288.212;469227;
289.212;3613;
288.211;283212;
289.211;122050;
290.212;442104;
291.212;300358;
290.211;60655;
288.210;152807;
289.210;87684;
288.209;145894;
289.209;621741;
291.210;351069;
290.209;448190;
291.209;751832;
285.208;177129;
286.208;261591;
287.208;81594;
286.207;146175;
287.207;131498;
285.206;422450;
286.206;203677;
287.206;445672;
288.208;311152;
289.207;184523;
290.208;324983;
291.208;233451;
290.207;291424;
291.207;232128;
288.206;658677;
289.206;541355;
290.206;625680;
291.206;295220;
292.212;496728;
292.211;29461;
293.212;426073;
294.212;424322;
293.211;313967;
294.211;450729;
292.210;336731;
292.209;222116;
294.210;122316;
293.209;154929;
294.209;777723;
295.212;18293;
296.212;527003;
295.211;13545;
296.211;620801;
297.212;400906;
298.212;41689;
297.211;74514;
298.211;644996;
295.210;303366;
296.210;89876;
295.209;355009;
296.209;321840;
297.210;284401;
298.210;164185;
297.209;235523;
298.209;234653;
292.208;33748;
292.207;406203;
293.208;11151;
294.208;120094;
293.207;149731;
294.207;64499;
292.206;66257;
293.206;23092;
294.206;560035;
295.208;304937;
296.208;18505;
295.207;452127;
296.207;691067;
297.208;334602;
298.208;232054;
297.207;220968;
298.207;257529;
295.206;476074;
296.206;305820;
297.206;395129;
298.206;307544;
285.205;246735;
285.204;272232;
286.205;290532;
287.205;149057;
287.204;11370;
285.203;94071;
285.202;412389;
286.202;408809;
287.202;245558;
288.205;465027;
289.205;348479;
288.204;169747;
290.205;207097;
291.205;30959;
291.204;253277;
288.203;29685;
289.202;373638;
291.203;210941;
290.202;358325;
291.202;73366;
285.201;20332;
285.200;531407;
286.201;38342;
287.201;354266;
286.200;128201;
287.200;114324;
285.199;385680;
289.201;295102;
289.200;344409;
290.201;209184;
290.200;113664;
289.199;133851;
290.199;219861;
292.205;320920;
292.204;91625;
293.205;294200;
294.205;365091;
293.204;137446;
294.204;265523;
292.203;12182;
292.202;392861;
293.203;87640;
294.203;91687;
293.202;664927;
294.202;346903;
295.205;454538;
296.205;213323;
295.204;312815;
296.204;79368;
297.205;133449;
298.205;318241;
297.204;134956;
298.204;121158;
295.203;263295;
296.203;169410;
295.202;41083;
297.203;18589;
292.201;244613;
299.212;1194695;
299.211;506468;
300.212;2492;
301.212;200954;
300.211;499533;
301.211;21958;
299.210;119973;
299.209;452872;
300.210;433858;
301.210;94623;
300.209;59614;
301.209;132925;
302.210;798836;
302.209;618273;
299.208;224496;
299.207;586627;
300.208;420638;
301.208;523223;
300.207;536048;
301.207;74331;
299.206;212250;
308.212;591164;
310.212;41104;
311.212;351718;
312.212;28282;
311.211;138014;
311.210;549180;
307.206;677406;
308.206;286366;
299.205;474691;
301.205;2602;
300.204;132401;
301.204;229325;
299.203;204062;
300.203;440535;
301.203;610932;
300.202;459523;
301.202;240214;
304.204;143440;
300.201;8045;
301.200;143830;
301.199;451996;
315.227;112047;
314.226;85645;
315.225;67327;
318.227;561970;
318.226;206081;
313.223;72630;
314.223;61750;
319.222;197556;
322.227;348202;
321.226;15436;
322.226;254464;
321.225;68875;
322.224;246774;
325.224;259981;
320.223;523188;
320.222;149266;
321.222;719324;
320.220;296463;
321.220;170994;
324.223;369058;
325.223;56599;
319.219;11342;
319.218;106383;
317.216;463095;
318.217;14393;
319.217;335479;
319.216;175963;
313.215;100862;
313.214;339423;
314.215;479598;
314.214;337097;
315.214;251190;
313.213;144337;
315.213;464017;
316.215;275360;
317.215;331159;
316.214;507296;
318.215;20402;
319.215;39693;
318.214;438823;
320.219;402399;
320.218;287035;
321.218;316352;
320.216;144881;
320.215;185937;
285.198;79215;
285.197;357920;
286.198;5601;
286.197;240414;
285.196;210147;
285.195;132356;
286.196;368620;
287.196;36542;
286.195;193222;
287.195;241350;
288.198;63797;
289.198;77948;
290.198;63710;
288.196;126625;
288.195;10711;
285.194;23908;
285.193;32876;
287.194;5184;
286.193;654664;
285.192;288559;
287.192;96362;
288.194;269739;
289.194;292846;
288.193;367356;
289.193;216600;
288.192;107695;
289.192;375130;
285.191;270192;
285.190;103323;
286.191;87598;
287.191;140633;
286.190;277374;
287.190;243904;
285.189;127679;
285.188;68603;
286.189;140341;
288.191;269193;
288.190;94345;
296.186;93562;
297.186;36762;
295.185;209427;
296.185;514741;
297.185;99211;
300.198;273361;
301.198;125347;
300.197;91954;
301.197;98821;
299.196;114589;
299.195;577301;
300.196;386995;
301.196;374232;
300.195;82528;
301.195;440559;
302.197;17478;
300.194;328668;
301.194;398599;
300.193;423184;
301.193;395243;
300.192;140734;
301.192;459794;
302.194;559385;
303.194;410597;
302.193;4342;
303.193;108134;
304.193;407827;
302.192;4685;
303.192;110986;
304.192;310091;
305.192;125582;
299.191;672868;
299.190;639370;
301.191;189778;
301.190;54774;
301.189;366002;
302.191;300902;
303.191;402041;
302.190;29710;
303.190;204051;
304.191;23630;
305.191;272789;
304.190;350683;
305.190;39920;
302.189;215771;
303.189;264190;
302.188;89265;
304.189;313575;
305.189;498200;
304.188;43223;
300.186;137977;
301.186;287417;
299.185;311332;
300.185;440751;
301.185;129656;
302.187;253892;
303.187;182865;
302.186;2477;
304.187;262658;
305.187;634374;
304.186;18479;
305.186;95217;
305.185;9788;
306.188;34167;
306.187;2221;
289.181;12252;
291.182;51825;
290.181;362390;
291.181;275194;
287.178;140686;
289.180;110693;
290.180;193293;
291.180;105613;
290.179;236563;
291.178;123981;
294.184;36277;
294.183;142563;
292.182;280255;
294.181;405095;
295.184;70750;
296.184;102164;
296.183;438786;
297.184;34775;
298.184;329798;
292.180;311496;
293.180;437170;
294.180;74726;
293.179;490933;
292.178;86939;
293.178;354075;
295.180;41487;
296.180;364141;
297.180;76234;
298.178;406799;
285.176;347945;
285.175;153128;
285.174;59201;
286.175;241800;
287.175;146684;
286.174;156958;
287.174;228165;
288.174;15255;
289.174;97716;
290.174;74412;
291.174;224127;
286.173;53517;
287.173;656220;
288.173;145477;
289.173;120485;
290.173;211581;
291.173;153518;
290.172;222144;
291.172;442391;
292.174;7738;
293.174;168909;
298.177;248374;
292.173;124990;
292.172;113547;
293.173;58875;
294.173;697684;
293.172;150935;
294.172;320723;
295.172;32334;
296.172;397026;
297.172;347596;
298.172;541676;
299.184;490183;
301.181;507522;
305.183;55467;
304.181;223802;
305.181;171873;
299.180;87572;
299.179;184404;
300.180;344453;
301.180;805996;
300.179;230891;
301.179;61204;
299.178;21863;
300.178;18608;
301.178;82549;
302.180;579311;
303.180;492811;
302.179;56748;
303.179;403028;
304.180;503393;
302.178;274815;
306.184;451748;
307.181;171000;
307.180;127843;
308.180;271423;
310.180;8838;
312.179;270098;
299.177;247697;
299.176;513104;
300.177;207367;
301.177;426472;
300.176;20425;
301.176;32510;
299.175;376022;
300.175;299681;
301.175;330817;
302.177;193201;
302.176;209695;
303.176;162008;
302.175;40772;
303.175;289135;
300.172;167654;
301.172;55096;
299.171;478735;
300.171;42493;
302.172;237050;
304.172;62697;
304.171;37870;
305.171;218463;
306.177;92330;
308.177;671991;
310.177;142353;
308.172;402257;
311.173;53286;
324.193;282221;
318.189;292198;
314.187;125713;
314.186;53797;
331.187;258663;
338.186;97162;
313.180;114932;
315.180;176071;
315.179;322330;
316.179;85134;
318.179;297458;
320.178;545034;
314.177;9626;
314.174;286636;
316.177;320508;
316.176;165408;
319.174;545014;
319.173;679612;
321.177;113120;
322.177;89084;
321.176;408401;
322.176;429082;
321.175;295160;
321.174;517882;
322.174;108711;
323.177;109696;
323.176;21510;
325.176;15356;
324.175;420499;
323.174;162534;
325.175;54552;
325.174;96496;
320.173;378521;
320.172;441663;
323.173;42311;
324.173;274813;
325.173;462935;
326.173;403451;
326.172;98466;
327.178;95125;
331.178;6151;
327.175;115728;
327.174;268777;
332.177;175302;
332.176;277451;
333.176;112000;
331.175;2749;
327.173;274791;
327.172;310578;
328.172;220190;
327.171;156495;
328.171;300871;
329.171;231146;
332.171;363860;
336.174;687035;
337.173;279099;
340.172;47672;
339.171;116078;
340.171;259407;
341.171;79956;
228.168;177140;
229.168;26577;
230.167;420496;
228.165;506688;
229.166;117193;
230.165;158820;
228.164;240403;
228.163;38003;
229.164;17742;
229.163;16115;
228.162;453579;
229.162;337392;
228.160;192498;
228.159;686266;
235.160;42494;
235.159;367167;
237.160;79260;
243.161;617955;
285.170;584406;
300.170;395846;
303.170;78110;
296.150;87150;
298.149;486931;
296.148;80541;
297.147;121972;
300.154;331648;
299.149;47424;
325.165;478271;
325.164;151468;
325.163;511294;
321.159;233454;
326.162;75302;
326.160;70521;
330.170;350008;
341.170;181575;
328.160;112194;
330.157;318346;
318.146;152093;
319.146;184502;
318.145;893148;
319.145;96381;
320.146;295690;
322.145;264533;
321.144;364645;
322.144;518669;
322.142;708379;
323.143;64526;
324.143;100597;
325.144;219440;
326.144;143970;
325.143;481013;
324.142;7413;
325.142;99922;
326.142;34393;
331.155;357641;
331.154;578816;
332.155;673962;
332.153;185129;
333.153;288067;
333.152;63685;
331.150;222697;
333.151;309861;
327.147;6684;
329.148;447613;
328.147;138844;
329.147;20586;
331.147;77115;
327.144;526703;
327.143;55856;
329.144;787835;
327.142;125024;
326.139;484527;
327.138;327318;
343.185;165007;
354.179;2230;
356.179;242531;
347.167;125346;
346.166;9445;
346.165;182414;
347.166;235694;
347.165;283793;
348.165;19526;
348.164;234938;
344.160;81014;
345.160;78376;
345.159;2778;
347.159;67955;
348.159;304135;
357.168;513788;
357.163;245440;
358.163;370266;
359.164;191060;
358.162;237671;
354.145;377411;
354.144;631775;
355.143;65994;
354.142;163646;
352.140;241653;
354.141;79506;
355.140;147296;
352.139;947056;
350.137;302914;
351.137;650548;
351.136;216736;
349.135;697580;
347.134;152082;
348.134;407898;
356.141;311370;
